GeneSymbol	A21_05_C3_P5_690140	A21_05_C3_P5_868918	A21_05_C3_P5_530187	A21_05_C3_P5_474185
A2M	0.000	0.000	0.000	0.000
AARD	0.000	0.000	0.000	0.000
ABCA8	0.335	0.000	0.936	0.560
ABCC9	0.000	0.000	0.000	0.000
ABCE1	0.335	0.372	0.417	1.179
ABHD2	0.585	0.642	1.276	0.560
ABI3BP	0.785	0.372	0.000	0.560
ABL2	0.585	0.000	0.000	0.000
AC002451.1	0.000	0.000	0.000	0.000
AC003101.2	0.000	0.000	0.000	0.000
AC003681.1	0.000	0.000	0.000	0.000
AC004000.1	0.000	0.000	0.000	0.560
AC004386.1	0.000	0.000	0.000	0.000
AC005291.1	0.000	0.000	0.000	0.000
AC005962.2	0.000	0.000	0.000	0.000
AC006141.1	0.000	0.000	0.000	0.000
AC006329.1	0.000	0.000	0.000	0.000
AC007066.2	0.000	0.000	0.000	0.000
AC008074.2	0.000	0.000	0.000	0.000
AC008105.1	0.000	0.000	0.000	0.000
AC008875.1	0.000	0.000	0.000	0.000
AC009318.1	0.000	0.000	0.000	0.000
AC009404.1	0.000	0.000	0.000	0.000
AC009549.1	0.000	0.000	0.000	0.000
AC010198.2	0.335	0.000	0.000	0.000
AC010624.1	0.000	0.000	0.000	0.000
AC010624.5	0.000	0.372	0.000	0.000
AC010980.1	0.000	0.000	0.000	0.000
AC013565.1	0.000	0.000	0.000	0.000
AC022382.1	0.000	0.000	0.000	0.000
AC023908.3	0.000	0.000	0.000	0.000
AC025031.4	0.000	0.000	0.000	0.000
AC025171.3	0.000	0.000	0.000	0.000
AC025442.2	0.000	0.000	0.000	0.000
AC027288.3	0.000	0.000	0.000	0.000
AC061958.1	0.000	0.000	0.000	0.000
AC068860.1	0.000	0.000	0.000	0.000
AC073114.1	0.000	0.000	0.000	0.000
AC073130.1	0.000	0.000	0.000	0.000
AC073316.1	0.000	0.000	0.000	0.000
AC073575.2	0.000	0.000	0.000	0.000
AC078881.1	0.000	0.000	0.000	0.000
AC087645.2	0.000	0.000	0.000	0.000
AC091563.1	0.000	0.000	0.000	0.000
AC092437.1	0.000	0.000	0.000	0.000
AC092490.1	0.000	0.000	0.417	0.000
AC092718.4	0.000	0.000	0.000	0.000
AC092802.1	0.000	0.000	0.000	0.000
AC093433.2	0.000	0.000	0.000	0.000
AC097709.1	0.000	0.000	0.000	0.000
AC100858.3	0.000	0.000	0.000	0.000
AC103740.1	0.000	0.000	0.000	0.000
AC104083.1	0.000	0.000	0.000	0.000
AC104695.2	0.000	0.000	0.000	0.000
AC105339.6	0.000	0.000	0.000	0.000
AC107294.3	0.000	0.000	0.000	0.000
AC112253.1	0.000	0.000	0.000	0.000
AC114811.2	0.000	0.000	0.000	0.000
AC124016.1	0.000	0.000	0.000	0.000
AC134407.2	0.000	0.000	0.000	0.000
AC139100.2	0.000	0.000	0.000	0.000
AC239799.2	0.000	0.000	0.000	0.000
AC241584.1	0.000	0.000	0.000	0.000
AC253572.2	0.000	0.000	0.000	0.000
ACAT2	0.335	0.000	0.417	0.000
ACBD7	0.000	0.000	0.000	0.000
ACKR3	0.000	0.000	0.000	0.000
ACKR4	0.000	0.000	0.000	0.000
ACLY	0.335	0.372	0.710	1.387
ACP5	0.000	0.000	0.000	0.000
ACSL4	1.095	0.372	1.121	0.560
ACTA2	0.585	0.855	1.121	1.387
ACTB	3.229	3.810	3.450	3.893
ACTBL2	0.000	0.000	0.000	0.000
ACTN1	1.095	1.309	0.417	1.179
ACVR1C	0.000	0.000	0.000	0.000
ACVR2A	0.000	0.000	0.000	0.000
ADA	0.585	0.000	0.710	0.000
ADAM12	0.785	1.989	1.732	1.947
ADAM19	0.335	0.000	0.417	0.560
ADAMTS1	0.000	0.000	1.276	0.917
ADAMTS2	1.431	0.372	0.710	0.560
ADAMTS5	0.000	0.000	0.000	0.000
ADAMTS8	0.000	0.000	0.000	0.000
ADAMTS9-AS2	0.000	0.000	0.000	0.000
ADAMTSL4	0.000	0.000	0.417	0.917
ADAP2	0.000	0.000	0.000	0.000
ADCY1	0.000	0.000	0.000	0.000
ADCY2	0.000	0.000	0.000	0.000
ADCYAP1R1	0.000	0.000	0.000	0.000
ADGRG6	0.000	0.000	0.000	0.000
ADH1B	0.000	0.000	0.000	0.000
ADH1C	0.000	0.000	0.000	0.000
ADIRF	0.585	0.000	0.417	0.000
ADM	0.952	0.000	1.276	1.179
ADM2	0.000	0.000	0.000	0.000
ADRA2A	0.000	0.000	0.000	0.000
AHR	0.000	0.000	1.121	0.560
AIM2	0.000	0.000	0.000	0.000
AK4	0.000	0.372	0.000	0.000
AK5	0.000	0.000	0.000	0.000
AKAP12	0.335	0.000	0.710	1.179
AKAP6	0.000	0.000	0.000	0.000
AKR1B10	0.000	0.000	0.000	0.000
AKR1C2	0.335	0.000	0.710	0.000
AL031777.3	0.000	0.000	0.000	0.000
AL109918.1	0.000	0.642	0.000	0.000
AL136131.3	0.000	0.000	0.000	0.000
AL139393.3	0.000	0.372	0.000	0.000
AL158063.1	0.000	0.000	0.000	0.000
AL353726.1	0.000	0.000	0.000	0.000
AL353898.3	0.000	0.000	0.000	0.000
AL356056.1	0.000	0.000	0.000	0.000
AL391056.1	0.000	0.000	0.000	0.000
AL662907.1	0.000	0.000	0.000	0.000
AL672207.1	0.000	0.000	0.000	0.000
ALCAM	0.785	0.000	0.000	0.000
ALDH1A1	0.000	0.000	0.000	0.000
ALDH1A2	0.000	0.000	0.000	0.000
ALDH1A3	0.952	0.372	0.936	0.000
ALPL	0.000	0.000	0.000	0.000
ALYREF	1.220	0.372	0.000	0.000
AMD1	0.000	0.000	0.710	0.000
AMOTL2	0.000	0.000	0.000	0.560
ANGPT1	0.000	0.000	0.000	0.000
ANGPT2	0.000	0.000	0.000	0.000
ANGPTL1	0.000	0.000	0.000	0.000
ANGPTL2	0.785	1.030	1.636	0.917
ANGPTL4	0.335	0.000	0.000	0.000
ANK3	0.000	0.000	0.000	0.000
ANKH	0.335	0.000	0.710	0.917
ANKRD33	0.000	0.000	0.000	0.000
ANKRD36C	0.000	0.000	0.000	0.560
ANKRD37	0.000	0.000	0.000	0.000
ANKRD50	0.000	0.000	0.710	0.000
ANLN	0.000	0.000	0.000	0.000
ANO1	0.000	0.000	0.000	0.000
ANO4	0.000	0.000	0.000	0.000
ANOS1	0.000	0.000	0.000	0.000
ANP32B	0.785	1.179	1.411	1.833
ANP32E	0.585	0.372	0.000	0.000
ANTXR1	0.335	0.372	1.121	0.560
ANXA1	1.941	1.309	1.121	1.705
ANXA10	0.000	0.000	0.417	0.560
AP001033.2	0.000	0.000	0.000	0.000
AP001148.1	0.000	0.000	0.000	0.000
AP001528.2	0.000	0.000	0.000	0.000
APBB1IP	0.952	0.372	0.936	0.000
APCDD1	0.000	0.000	0.000	0.000
APCDD1L	1.095	0.372	0.000	0.560
APOBEC3A	0.000	0.000	0.000	0.000
APOD	0.000	1.309	0.417	0.000
APOE	0.000	0.000	0.000	0.000
APOL1	0.585	0.642	1.121	1.179
APOL4	0.000	0.000	1.121	0.000
AQP1	0.000	0.000	0.000	0.000
AR	0.335	0.000	0.000	0.000
AREG	0.000	0.000	0.000	0.000
ARHGAP11A	0.000	0.000	0.000	0.000
ARHGAP18	0.785	0.642	0.710	0.560
ARHGAP20	0.000	0.000	0.000	0.000
ARHGAP28	0.000	0.000	0.000	0.000
ARHGAP29	0.585	0.372	0.936	0.000
ARHGDIB	0.000	0.000	0.000	0.000
ARHGEF39	0.000	0.000	0.000	0.000
ARID4A	0.000	0.372	0.000	0.000
ARID5B	0.585	0.000	1.411	0.560
ARL4C	0.785	0.000	2.169	1.947
ARL6IP1	0.785	0.855	0.936	0.000
ASF1B	0.000	0.000	0.000	0.000
ASPM	0.000	0.000	0.000	0.000
ASPN	0.000	0.000	0.000	0.917
ASXL3	0.000	0.000	0.000	0.000
ATAD2	0.000	0.372	0.000	0.000
ATAD3C	0.000	0.000	0.000	0.000
ATAD5	0.000	0.000	0.000	0.917
ATF5	0.000	0.000	0.000	0.000
ATP1B1	0.335	0.000	0.000	0.000
ATP5MC1	1.753	1.030	1.121	0.917
ATP8A2	0.000	0.000	0.000	0.000
AURKA	0.000	0.000	0.000	0.000
AURKB	0.000	0.000	0.000	0.000
B3GALT2	0.000	0.000	0.000	0.000
B4GALT1	1.220	2.257	1.636	1.559
BAALC	0.585	0.372	0.710	0.560
BACH2	0.000	0.000	0.000	0.000
BAG2	0.000	0.000	0.000	0.000
BARD1	0.000	0.000	0.000	0.000
BASP1	1.605	1.925	3.122	0.917
BBC3	0.000	0.000	0.000	0.000
BCAT1	0.952	0.000	1.276	0.000
BCHE	0.000	0.000	0.000	0.000
BCL11B	0.000	0.000	0.000	0.000
BCL2A1	0.000	0.000	0.000	0.000
BCL2L11	0.000	0.000	0.417	0.000
BCL2L12	0.335	0.000	0.000	0.000
BCL2L15	0.000	0.000	0.000	0.000
BCL6B	0.000	0.000	0.000	0.000
BCO2	0.000	0.000	0.000	0.000
BCYRN1	0.585	1.706	1.276	1.833
BDKRB1	0.335	0.000	0.000	0.000
BDKRB2	0.335	0.855	0.710	1.179
BDNF	0.000	0.000	0.000	0.000
BDP1	0.335	0.642	0.000	0.560
BEND7	0.000	0.000	0.000	0.000
BEX1	0.000	0.000	0.000	0.000
BGN	0.000	0.855	1.121	1.559
BHLHE40	0.335	0.642	0.710	0.000
BHLHE41	0.000	0.000	0.000	0.000
BIRC5	0.000	0.000	0.000	0.000
BLM	0.000	0.000	0.000	0.000
BMP2	0.000	0.372	0.000	0.000
BMP4	0.000	0.000	0.936	0.000
BORA	0.000	0.000	0.000	0.000
BRCA1	0.000	0.000	0.000	0.000
BRCA2	0.000	0.000	0.000	0.000
BRD8	0.335	0.372	0.417	0.000
BRI3BP	0.000	0.000	0.000	0.000
BRINP1	0.335	0.000	0.000	0.000
BRIP1	0.000	0.000	0.000	0.000
BRIX1	0.000	0.000	0.000	0.000
BST2	0.000	0.000	0.000	0.000
BTG1	0.952	0.642	0.000	0.000
BTG2	0.585	0.000	0.000	0.000
BUB1	0.000	0.000	0.000	0.000
BUB1B	0.000	0.000	0.000	0.000
BUB3	0.585	0.855	0.000	0.560
BX323043.1	0.000	0.000	0.000	0.000
BX323046.2	0.000	0.000	0.000	0.000
C11orf96	0.000	0.000	0.000	0.000
C12orf75	1.220	1.925	0.417	0.560
C1GALT1	0.785	0.372	0.936	0.560
C1QTNF1	0.335	0.372	0.417	0.000
C1QTNF3	0.000	0.000	0.000	0.000
C1QTNF7	0.000	0.000	0.000	0.000
C1S	1.331	1.620	1.530	2.048
C1orf115	0.000	0.000	0.000	0.000
C1orf21	0.000	0.000	0.710	0.000
C1orf226	0.000	0.000	0.000	0.000
C21orf58	0.000	0.000	0.000	0.000
C2orf88	0.335	0.372	0.417	0.000
C7	0.000	0.000	0.000	0.000
C8orf89	0.000	0.000	0.000	0.000
CA12	0.785	0.000	1.530	0.560
CABLES1	0.000	0.000	0.000	0.000
CACNG8	0.000	0.000	0.000	0.000
CACYBP	0.585	0.642	0.000	0.917
CADPS	0.000	0.000	0.000	0.000
CALD1	1.941	2.469	2.169	2.945
CALM2	0.952	1.857	1.121	1.179
CALN1	0.000	0.000	0.000	0.000
CALR	3.320	3.301	2.670	2.863
CAMK2N1	0.335	0.372	0.000	0.000
CAPN6	0.000	0.000	0.000	0.000
CASS4	0.000	0.000	0.000	0.000
CAV1	2.317	2.543	2.108	2.773
CAV2	0.335	0.000	0.417	0.000
CAVIN2	0.335	0.000	0.000	0.000
CBX5	0.000	0.642	0.417	0.917
CCBE1	0.000	0.000	0.000	0.000
CCDC110	0.000	0.000	0.417	0.000
CCDC144B	0.000	0.000	0.000	0.000
CCDC15	0.335	0.000	0.000	0.000
CCDC152	0.000	0.000	0.000	0.000
CCDC170	0.000	0.372	0.000	0.000
CCDC173	0.000	0.000	0.000	0.000
CCDC18	0.000	0.000	0.417	0.000
CCDC34	0.335	0.000	0.417	0.000
CCDC80	3.276	2.792	3.805	3.908
CCDC86	0.335	0.000	0.417	0.560
CCL11	0.000	0.000	0.000	0.000
CCL2	0.000	0.372	1.411	0.560
CCL20	0.000	0.000	0.000	0.000
CCL7	0.000	0.000	0.000	0.000
CCL8	0.000	0.000	0.000	0.000
CCN1	0.000	0.372	2.043	2.376
CCN2	0.585	0.000	2.705	2.443
CCN3	0.000	0.000	0.000	0.000
CCN4	0.000	0.000	0.000	0.000
CCN5	0.335	1.706	0.000	0.000
CCNA1	0.000	0.000	0.000	0.000
CCNA2	0.000	0.000	0.000	0.000
CCNB1	0.000	0.000	0.000	0.000
CCNB2	0.000	0.000	0.000	0.000
CCND1	1.522	0.000	0.710	0.917
CCND2	0.585	0.855	0.000	0.000
CCNE2	0.000	0.000	0.000	0.000
CCNF	0.000	0.000	0.000	0.000
CCNJL	0.000	0.000	0.000	0.000
CCNT2-AS1	0.000	0.000	0.000	0.000
CCR1	0.000	0.000	0.000	0.000
CCT2	1.095	0.855	0.936	0.000
CCT5	0.000	0.000	0.417	0.917
CD36	0.000	0.000	0.000	0.000
CD3EAP	0.335	0.000	0.000	0.000
CD4	0.000	0.000	0.000	0.000
CD7	0.000	0.000	0.000	0.000
CD82	0.785	1.030	0.417	0.000
CDA	0.000	0.000	0.000	0.000
CDC20	0.000	0.000	0.000	0.000
CDC25A	0.000	0.000	0.000	0.000
CDC25B	0.335	0.000	0.936	0.000
CDC25C	0.000	0.000	0.000	0.000
CDC42EP3	0.000	0.000	0.417	0.000
CDC42EP4	0.335	0.000	0.000	0.000
CDC45	0.000	0.000	0.000	0.000
CDC6	0.000	0.000	0.000	0.000
CDCA2	0.000	0.000	0.000	0.000
CDCA3	0.000	0.000	0.000	0.000
CDCA4	0.000	0.000	0.000	0.000
CDCA5	0.000	0.000	0.000	0.000
CDCA7	0.000	0.000	0.417	0.000
CDCA7L	0.000	0.372	0.417	0.000
CDCA8	0.000	0.000	0.000	0.000
CDCP1	0.335	0.372	0.000	0.000
CDH11	0.585	2.049	1.819	1.387
CDH13	0.000	0.000	0.000	0.000
CDH18	0.000	0.000	0.000	0.000
CDH2	0.335	0.372	0.710	0.560
CDH23	0.000	0.000	0.000	0.000
CDH4	0.000	0.000	0.000	0.000
CDK1	0.000	0.000	0.000	0.000
CDK2	0.000	0.000	0.000	0.000
CDK5RAP2	0.335	0.000	0.000	0.000
CDK6	0.000	0.372	0.000	0.000
CDKN1A	3.416	1.030	2.381	0.560
CDKN1C	0.000	0.000	0.000	0.000
CDKN2A	0.952	0.642	0.000	0.000
CDKN2B	0.335	0.000	0.000	0.000
CDKN2C	0.000	0.372	0.000	0.560
CDKN3	0.000	0.000	0.000	0.000
CDT1	0.000	0.000	0.000	0.000
CEBPB	1.820	1.030	1.121	0.000
CEBPD	0.000	1.030	1.732	0.560
CELF2	0.335	0.855	0.417	0.917
CEMIP	0.335	0.372	0.000	0.000
CEMIP2	0.585	0.855	0.710	0.000
CENPA	0.000	0.000	0.000	0.000
CENPE	0.000	0.000	0.000	0.000
CENPF	0.000	0.000	0.000	0.000
CENPH	0.000	0.000	0.417	0.000
CENPI	0.000	0.000	0.000	0.000
CENPJ	0.000	0.372	0.000	0.000
CENPK	0.000	0.000	0.000	0.000
CENPM	0.000	0.000	0.000	0.000
CENPO	0.000	0.000	0.000	0.000
CENPQ	0.000	0.000	0.000	0.000
CENPU	0.000	0.000	0.000	0.000
CENPV	0.000	0.000	0.000	0.000
CENPW	0.000	0.000	0.000	0.000
CEP128	0.000	0.000	0.417	0.000
CEP135	0.000	0.000	0.000	0.000
CEP170	0.585	0.642	0.710	1.179
CEP290	0.785	0.642	0.000	0.000
CEP55	0.000	0.000	0.000	0.000
CEP78	0.000	0.000	0.000	0.000
CFH	0.335	0.372	0.417	0.000
CFHR1	0.000	0.000	0.000	0.000
CFI	0.000	0.000	0.417	0.000
CH25H	0.000	1.309	0.936	0.917
CHAC1	0.000	0.000	0.000	0.000
CHAF1A	0.000	0.000	0.000	0.000
CHAF1B	0.335	0.000	0.000	0.000
CHGA	0.000	0.000	0.000	0.000
CHI3L1	0.000	0.000	0.000	0.000
CHL1	0.000	0.000	0.000	0.000
CHN1	0.785	1.179	1.121	0.917
CHRDL1	0.000	0.000	0.000	0.000
CHRNA1	0.000	0.000	0.000	0.000
CHRNA3	0.000	0.000	0.000	0.000
CHST1	0.000	0.000	0.000	0.000
CHST15	0.000	0.000	0.000	0.000
CILP	0.000	0.372	0.417	0.000
CILP2	0.000	0.000	0.000	0.000
CIP2A	0.000	0.000	0.000	0.000
CIT	0.585	0.000	0.000	0.000
CITED2	0.335	0.372	0.000	0.000
CITED4	0.335	0.000	0.000	0.000
CKAP2	0.335	0.000	0.710	0.560
CKAP2L	0.000	0.000	0.000	0.000
CKAP4	1.941	2.506	2.595	2.303
CKAP5	0.335	0.000	0.936	0.917
CKB	0.000	0.000	0.000	0.000
CKS1B	0.000	0.000	0.000	0.000
CKS2	0.000	0.642	0.710	0.000
CLCA2	0.000	0.000	0.000	0.000
CLDN11	1.820	3.014	2.169	3.249
CLDN14	0.000	0.000	0.000	0.000
CLEC2B	0.000	0.372	0.417	0.000
CLGN	0.000	0.000	0.936	0.000
CLIC2	0.000	0.000	0.000	0.000
CLOCK	0.000	0.000	0.417	0.000
CLSPN	0.000	0.000	0.000	0.000
CLSTN2	0.000	0.000	0.000	0.000
CLU	3.836	3.177	2.472	2.506
CMIP	0.952	0.000	0.000	0.560
CMPK2	0.000	0.000	0.000	0.000
CMSS1	0.000	0.000	0.000	0.000
CMYA5	0.000	0.000	0.000	0.000
CNIH3	0.000	0.372	0.417	0.000
CNN3	1.682	1.179	1.276	0.560
CNTN1	0.000	0.000	0.000	0.000
CNTN3	0.000	0.000	0.000	0.000
CNTNAP3B	0.000	0.000	0.000	0.000
CNTRL	0.000	0.000	0.000	0.000
COBLL1	0.335	0.000	0.000	0.000
COL10A1	0.000	0.372	0.936	0.000
COL11A1	0.000	0.000	0.417	0.560
COL12A1	0.335	0.000	1.411	0.000
COL14A1	1.095	1.030	1.636	0.917
COL15A1	0.000	0.000	0.000	0.000
COL1A1	4.629	5.741	5.274	5.801
COL1A2	4.150	4.993	5.013	4.891
COL22A1	0.000	0.000	0.000	0.000
COL25A1	0.000	0.000	0.000	0.000
COL3A1	3.765	4.517	4.527	4.706
COL4A1	0.000	0.000	0.000	0.000
COL4A2	0.335	0.372	0.000	0.000
COL4A4	0.000	0.000	0.000	0.000
COL4A5	0.000	0.000	0.000	0.000
COL5A1	1.682	2.430	2.739	2.443
COL5A3	0.335	0.000	0.417	0.000
COL6A3	2.236	2.706	3.450	3.549
COL6A6	0.000	0.000	0.000	0.000
COL8A1	0.585	0.000	1.411	0.000
COTL1	0.952	0.372	0.417	0.917
COX7A1	0.785	1.030	0.710	0.000
CPB1	0.000	0.000	0.000	0.000
CPE	0.000	0.000	0.417	0.000
CPED1	0.000	0.000	0.000	0.560
CPM	0.000	0.000	1.121	0.917
CPXM1	0.000	0.000	1.121	0.000
CPXM2	0.000	0.000	0.000	0.000
CR391992.1	0.000	0.000	0.000	0.000
CRABP2	2.317	2.897	2.043	2.225
CREB5	0.000	0.000	0.000	0.000
CREBRF	0.000	0.372	0.417	0.560
CREG1	0.000	0.372	0.417	0.000
CRIM1	0.000	0.372	0.000	0.000
CRIP2	0.000	0.000	0.417	0.000
CRISPLD2	0.000	0.372	0.417	0.000
CRYBG1	0.335	0.000	0.000	0.000
CSE1L	0.335	0.000	0.417	0.000
CSGALNACT1	0.000	0.000	0.000	0.000
CSRNP3	0.000	0.000	0.000	0.000
CSRP1	0.335	0.372	0.936	0.560
CSRP2	0.000	0.000	0.000	0.000
CSTA	0.335	0.000	0.000	0.000
CT75	0.000	0.000	0.000	0.000
CTHRC1	1.941	1.706	1.411	0.000
CTNNAL1	0.335	0.000	0.417	0.000
CTPS1	0.335	0.000	0.000	0.000
CTSC	1.220	1.030	0.936	0.917
CTSH	0.000	0.000	0.000	0.000
CTSK	2.147	2.390	2.281	1.559
CTSL	0.585	2.105	2.381	1.179
CTSO	0.000	0.372	0.710	0.000
CXCL1	0.000	0.000	0.000	0.000
CXCL12	0.335	0.642	2.108	0.917
CXCL14	0.000	0.000	0.000	0.000
CXCL2	0.000	0.000	0.710	0.000
CXCL3	0.000	0.000	0.000	0.000
CXCL5	0.000	0.000	0.000	0.000
CXCL6	0.000	0.000	0.710	0.000
CXCL8	0.000	0.000	0.000	0.000
CXXC5	0.335	0.372	0.000	0.000
CYB561	0.952	0.642	0.000	0.000
CYB561A3	0.785	1.030	0.000	0.560
CYCS	1.095	1.309	0.417	0.560
CYGB	0.000	0.000	0.000	0.000
CYP1B1	0.335	1.030	2.108	2.303
CYP26B1	0.585	0.000	0.000	0.000
CYP2D7	0.000	0.000	0.000	0.000
CYP46A1	0.000	0.000	0.000	0.000
CYP7B1	0.000	0.000	0.000	0.000
CYTL1	0.000	0.000	0.417	0.000
DAAM2	0.335	0.000	0.000	0.000
DAB1	0.000	0.000	0.000	0.000
DAB2	1.331	1.784	1.530	1.387
DACT1	0.000	0.000	0.000	0.000
DAPK1	0.000	0.000	0.000	0.000
DBF4	0.000	0.000	0.000	0.000
DCBLD2	0.785	1.309	1.121	0.917
DCLK1	0.000	0.642	0.000	0.917
DCN	2.049	2.611	2.108	3.057
DDAH1	0.000	0.642	0.000	0.560
DDIAS	0.000	0.000	0.000	0.000
DDIT3	0.000	0.000	0.000	0.000
DDIT4	0.335	0.642	0.000	0.560
DDIT4L	0.000	0.000	0.000	0.000
DDX10	0.000	0.000	0.000	0.000
DDX21	0.785	0.372	0.417	0.917
DDX58	0.000	0.000	0.000	0.560
DEK	0.000	0.372	0.417	1.179
DEPDC1	0.000	0.000	0.000	0.000
DEPDC1B	0.000	0.000	0.000	0.000
DEPTOR	0.000	0.642	0.000	0.000
DGKH	0.000	0.000	0.936	0.000
DHCR24	0.000	0.000	0.000	0.917
DHFR	0.335	0.000	0.000	0.000
DHX9	0.335	0.000	0.000	0.560
DIAPH3	0.000	0.000	0.000	0.000
DIO2	0.000	0.000	0.000	0.000
DIRAS3	0.000	0.642	0.000	0.000
DIRC1	0.000	0.000	0.000	0.000
DKC1	0.785	0.000	0.000	0.000
DKK1	0.000	0.000	0.000	0.000
DKK2	0.000	0.000	0.417	0.000
DLGAP5	0.000	0.000	0.000	0.000
DNAJB4	0.335	0.642	0.710	0.560
DNAJB9	0.335	0.372	0.417	0.000
DNAJC9	0.000	0.372	0.000	0.000
DNER	0.000	0.000	0.000	0.000
DNM3OS	0.335	0.855	1.276	1.705
DNMT1	0.785	0.855	0.417	0.000
DPP4	0.952	1.706	1.530	0.917
DRAIC	0.000	0.000	0.000	0.000
DRAXIN	0.000	0.000	0.000	0.000
DSEL	0.000	0.642	1.121	0.000
DSG2	1.095	0.000	0.710	0.000
DSN1	0.000	0.000	0.000	0.000
DSP	0.335	0.642	0.000	0.560
DTL	0.000	0.000	0.000	0.000
DTYMK	0.000	0.000	0.417	0.000
DUOX2	0.000	0.000	0.000	0.000
DUSP1	0.335	0.000	0.417	0.560
DUSP14	0.335	0.642	0.417	0.000
DUSP4	0.000	0.000	0.000	0.000
DUSP6	0.585	1.030	0.000	0.000
DUT	0.785	0.855	1.121	1.559
DUXAP8	0.952	0.000	0.000	0.000
DYRK3	0.952	0.372	0.000	0.000
E2F1	0.000	0.000	0.000	0.000
E2F7	0.000	0.000	0.000	0.000
E2F8	0.000	0.000	0.000	0.000
EBNA1BP2	0.000	0.642	0.000	0.560
ECM1	0.952	1.179	1.819	0.000
ECT2	0.000	0.000	0.000	0.560
EDIL3	0.335	0.000	0.000	0.000
EDNRA	0.000	0.000	0.710	0.000
EDNRB	0.000	0.372	0.417	0.000
EFEMP1	0.000	0.642	0.936	0.000
EFNB2	0.000	0.000	0.000	0.000
EGFLAM	0.000	0.000	0.000	0.000
EGLN3	0.000	0.000	0.000	0.000
EGR1	0.335	0.372	1.974	1.559
EGR2	0.000	0.000	0.417	0.000
EGR3	0.000	0.000	0.000	0.000
EHD4	0.000	0.000	0.000	0.000
EIF1AX	0.585	0.642	1.121	0.917
EIF4E	0.585	0.000	0.417	0.000
EIF5	1.820	0.642	0.710	1.559
EIF5A	0.952	1.179	1.276	1.559
ELFN1	0.000	0.372	0.000	0.000
ELFN2	0.000	0.000	0.000	0.000
ELL2	0.000	0.000	0.000	0.000
ELN	0.000	0.000	0.000	0.000
ELOVL2	0.000	0.000	0.000	0.000
EMB	0.585	1.179	1.276	0.000
EMCN	0.000	0.000	0.936	0.000
EMP1	1.095	0.000	1.636	0.917
EMP2	0.335	0.000	0.710	0.917
EMX2	0.000	0.000	0.000	0.000
ENAH	0.585	0.000	0.710	1.179
ENC1	0.335	0.000	0.000	0.000
ENO1	1.941	0.642	1.636	1.705
ENPP1	0.000	0.000	0.000	0.560
ENPP2	0.335	1.309	1.276	1.179
EPAS1	0.785	0.642	0.000	0.000
EPDR1	0.335	0.642	0.936	0.000
EPHA1-AS1	0.000	0.000	0.000	0.000
EPHA3	0.000	0.000	0.000	0.000
EPHA4	0.000	0.000	0.000	0.000
EPHB1	0.000	0.000	0.000	0.000
EPHB2	0.000	0.000	0.000	0.000
EPS8L1	0.000	0.000	0.000	0.000
EPSTI1	0.335	0.000	0.710	0.917
ERCC6L	0.000	0.000	0.000	0.000
EREG	0.000	0.000	0.000	0.000
ERRFI1	0.000	0.372	0.417	0.000
ERVK9-11	0.000	0.000	0.000	0.000
ESCO2	0.000	0.000	0.000	0.000
ESPL1	0.000	0.000	0.000	0.000
ETV1	0.000	0.000	0.000	0.560
EXO1	0.000	0.000	0.000	0.000
EXOSC8	0.000	0.000	0.000	0.917
EXOSC9	0.000	0.000	0.000	0.000
EYA1	0.000	0.000	0.000	0.000
EYA2	0.000	0.000	0.000	0.000
EYA4	0.000	0.000	0.000	0.000
EZH2	0.335	0.000	0.000	0.000
EZR	0.000	0.000	0.417	0.000
F11R	0.000	0.000	0.000	0.000
F13A1	0.000	0.000	0.000	0.000
F2R	0.000	0.372	0.000	0.917
F3	0.335	0.000	0.000	0.000
FABP3	0.000	0.372	0.417	0.000
FABP4	0.000	0.000	0.000	0.000
FABP5	0.000	0.000	0.417	0.560
FADS1	0.000	0.855	0.000	1.179
FAIM2	0.000	0.000	0.000	0.000
FAM107B	0.000	0.000	0.710	0.000
FAM111A	0.335	0.372	0.417	0.000
FAM111B	0.000	0.000	0.000	0.000
FAM13C	0.335	0.000	0.000	0.000
FAM155A	0.000	0.000	0.000	0.000
FAM180A	0.000	0.000	0.000	0.000
FAM20A	0.585	0.855	1.411	1.387
FAM43A	0.000	0.000	0.936	0.000
FAM72D	0.000	0.000	0.000	0.000
FAM83D	0.335	0.000	0.000	0.000
FAM83F	0.000	0.000	0.000	0.000
FANCA	0.000	0.000	0.000	0.000
FANCD2	0.000	0.000	0.000	0.000
FANCI	0.000	0.000	0.417	0.000
FANCM	0.000	0.000	0.000	0.560
FAP	1.331	1.857	1.819	1.179
FAR2P2	0.000	0.000	0.000	0.000
FARSB	0.335	0.372	0.000	0.000
FBLN1	1.820	1.424	2.108	1.833
FBLN2	0.000	0.372	1.121	0.917
FBLN5	2.049	1.527	1.121	1.179
FBN1	1.820	1.620	1.974	1.559
FBN2	0.000	1.030	0.000	0.000
FBXO32	0.000	0.000	0.000	0.000
FBXO43	0.000	0.000	0.000	0.000
FBXO5	0.000	0.000	0.000	0.000
FCMR	0.335	0.000	0.000	0.000
FDXR	1.431	0.642	0.710	0.000
FEN1	0.000	0.000	0.000	0.000
FERMT1	0.335	0.000	0.000	0.000
FGD4	0.000	0.000	0.000	0.000
FGD6	0.000	0.000	0.000	0.000
FGF1	0.000	0.642	0.000	0.000
FGF18	0.000	0.000	0.417	0.000
FGF2	0.000	0.000	0.710	0.000
FGF5	0.000	0.000	0.417	0.917
FGF7	0.335	0.642	0.710	0.560
FHAD1	0.000	0.000	0.000	0.000
FHL1	0.000	0.642	0.000	0.560
FHL2	0.000	0.000	1.411	0.917
FIBCD1	0.335	0.000	0.000	0.560
FIBIN	0.335	0.372	0.710	0.560
FILIP1	0.000	0.000	0.000	0.000
FILIP1L	0.335	0.000	0.000	0.000
FJX1	0.000	0.000	0.000	0.000
FKBP14	0.785	1.620	0.710	0.000
FKBP4	0.585	0.000	0.417	0.000
FMN2	0.000	0.000	0.000	0.000
FMO1	0.000	1.030	0.000	1.179
FMO2	0.000	0.000	0.000	0.000
FMO3	0.000	0.000	0.000	0.000
FMOD	0.000	0.000	0.000	0.000
FN1	4.693	3.984	4.230	4.536
FNDC1	0.000	0.000	0.000	0.000
FNDC5	0.000	0.000	0.000	0.000
FOS	0.000	0.372	1.411	0.917
FOSB	0.000	0.000	0.000	0.560
FOSL1	0.000	0.000	0.000	0.000
FOSL2	0.000	0.372	1.900	0.917
FOXC2	0.335	0.000	0.000	0.000
FOXD1	0.000	0.000	0.000	0.000
FOXF1	0.000	0.000	0.000	0.000
FOXF2	0.000	0.000	0.000	0.000
FOXM1	0.000	0.000	0.000	0.000
FOXO1	0.000	0.000	0.000	0.000
FOXP1	0.335	0.000	0.417	1.179
FOXQ1	0.000	0.000	0.000	0.000
FOXS1	0.000	0.000	0.000	0.000
FRAS1	0.000	0.000	0.000	0.000
FREM1	0.000	0.000	0.000	0.000
FRMD6	0.785	1.706	1.121	1.387
FRMPD4	0.000	0.000	0.000	0.000
FRRS1L	0.000	0.000	0.000	0.000
FSIP2	0.000	0.000	0.000	0.000
FST	0.000	0.642	0.000	0.000
FSTL1	1.682	2.706	2.472	2.376
FSTL5	0.000	0.000	0.000	0.000
FTH1	3.503	3.099	3.145	2.863
FTH1P10	1.095	0.000	0.710	0.000
FTL	3.229	3.425	3.167	2.725
FUBP1	0.000	0.000	0.936	0.000
FUS	1.095	1.179	0.417	1.179
FYB1	0.000	0.000	0.000	0.000
FZD1	0.335	0.372	1.121	1.179
FZD3	0.000	0.000	0.000	0.000
FZD7	0.000	1.030	0.000	1.179
FZD8	0.000	0.000	0.000	0.000
G0S2	0.000	0.000	0.000	0.000
G2E3	0.000	0.000	0.000	0.000
G3BP1	0.952	1.030	0.417	0.560
GABPB1-AS1	0.335	0.000	0.000	0.560
GABRB2	0.000	0.000	0.000	0.000
GABRB3	0.000	0.000	0.000	0.000
GADD45A	0.952	0.372	0.000	0.000
GADD45B	0.000	0.000	0.710	0.000
GAL	0.000	0.000	0.000	0.000
GALNT1	0.952	0.855	0.936	0.917
GALNT15	0.335	0.000	0.710	0.000
GALNT5	0.335	0.372	0.710	0.560
GALNT6	0.335	0.372	0.000	0.000
GAP43	0.000	0.000	0.000	0.000
GAS1	0.000	0.000	0.417	0.560
GAS2L3	0.000	0.000	0.000	0.000
GAS6	0.952	0.372	1.276	0.560
GAS7	0.335	0.000	0.417	0.000
GATA6	0.000	0.000	0.000	0.560
GATM	0.000	0.000	0.000	0.000
GBP1	0.335	0.372	0.936	0.560
GCLM	0.785	0.000	0.000	0.000
GDF15	2.236	0.372	0.000	0.000
GDF6	0.000	0.000	0.000	0.000
GDNF	0.952	0.000	0.000	0.000
GEN1	0.000	0.000	0.000	0.000
GFPT2	1.220	1.424	1.636	1.833
GFRA1	0.000	0.000	0.000	0.000
GGH	0.335	0.372	0.000	0.000
GINS1	0.000	0.372	0.000	0.000
GINS2	0.000	0.000	0.000	0.000
GINS4	0.000	0.000	0.000	0.000
GJA1	1.682	1.706	1.411	1.179
GJB2	0.000	0.000	0.000	0.000
GLDN	0.000	0.000	0.000	0.000
GLIPR1	0.785	1.030	1.411	0.000
GLIS2	0.335	0.372	0.000	0.000
GLS	0.952	1.030	0.417	0.000
GMNN	0.000	0.000	0.000	0.000
GNL3	0.335	0.642	0.417	0.000
GNPNAT1	0.000	0.000	0.000	0.560
GPAM	0.000	0.372	0.000	0.560
GPAT2	0.000	0.000	0.000	0.000
GPAT3	0.000	0.000	0.000	0.000
GPATCH4	0.000	0.000	0.000	0.000
GPC3	0.000	0.000	0.000	0.000
GPC4	0.000	0.000	0.000	0.000
GPC6	1.220	1.030	1.732	1.387
GPNMB	0.000	0.855	0.710	0.560
GPR65	0.000	0.000	0.000	0.000
GPR68	0.585	0.000	0.000	0.000
GPSM2	0.000	0.642	0.417	0.000
GPX3	0.335	0.642	0.417	0.000
GRB14	0.000	0.000	0.000	0.000
GREB1L	0.000	0.000	0.000	0.000
GREM1	0.335	2.819	2.043	1.179
GREM2	0.000	0.000	0.000	0.000
GRIA1	0.000	0.000	0.000	0.000
GRIN2A	0.000	0.000	0.000	0.000
GRPEL1	0.335	0.000	0.000	0.000
GTPBP4	0.335	0.000	0.417	0.917
GTSE1	0.000	0.000	0.000	0.000
GUCY1A1	0.000	0.372	0.000	0.000
GUCY1A2	0.000	0.000	0.000	0.000
GUCY1B1	0.000	0.372	0.000	0.000
H19	0.000	2.469	1.974	2.376
H1F0	0.585	0.000	0.936	0.000
H2AFX	0.000	0.372	0.000	0.000
H2AFY2	0.000	0.000	0.000	0.000
H2AFZ	0.585	0.855	0.936	1.179
HAS1	0.000	0.000	0.710	0.000
HAS2	0.585	0.855	2.043	0.560
HAT1	0.000	0.000	0.417	0.000
HAUS6	0.335	0.000	0.000	0.000
HBEGF	0.000	0.000	0.000	0.000
HCG14	0.000	0.000	0.000	0.000
HCLS1	0.000	0.000	0.000	0.000
HDGF	1.753	1.620	1.530	1.387
HEG1	0.000	0.642	0.936	0.917
HELLS	0.000	0.000	0.000	0.000
HERC5	0.000	0.000	0.000	0.000
HES1	0.000	0.372	0.000	0.000
HES6	0.000	0.000	0.000	0.000
HEXD-IT1	0.000	0.000	0.000	0.000
HEYL	0.000	0.000	0.000	0.000
HFM1	0.000	0.000	0.000	0.000
HGF	0.000	1.179	1.974	1.179
HHIP	0.000	0.000	0.417	0.000
HIF1A	0.785	0.642	1.276	0.917
HIST1H1A	0.000	0.000	0.000	0.000
HIST1H1B	0.000	0.000	0.000	0.000
HIST1H1D	0.000	0.000	0.000	0.000
HIST1H2AC	1.522	0.000	0.417	0.000
HIST1H4C	0.000	0.000	0.000	0.560
HJURP	0.000	0.000	0.000	0.000
HK2	0.585	0.372	0.000	0.000
HLA-B	2.356	1.620	1.974	1.179
HMCN1	0.000	0.000	0.000	0.917
HMGA1	1.431	0.855	1.530	1.947
HMGA2	1.220	0.372	0.936	1.833
HMGB1	0.952	0.642	1.276	1.559
HMGB2	0.000	0.642	0.417	0.917
HMGB3	0.585	0.372	0.000	0.000
HMGCR	0.000	0.000	0.000	0.560
HMGCS1	0.000	0.000	0.710	0.000
HMGN2	1.820	1.620	0.710	1.947
HMMR	0.000	0.000	0.000	0.000
HMOX1	0.585	0.642	0.000	0.000
HNRNPA2B1	1.522	1.857	1.900	1.559
HNRNPA3	1.095	0.642	0.417	0.917
HNRNPA3P1	0.000	0.000	0.000	0.000
HNRNPAB	0.952	0.372	0.710	0.560
HNRNPD	0.335	0.372	0.936	0.560
HNRNPDL	0.785	0.372	1.121	0.000
HNRNPH3	0.000	0.000	0.417	0.000
HNRNPM	0.335	0.000	0.936	1.179
HOXA10	0.335	0.372	0.000	0.560
HOXA5	0.000	0.372	0.000	0.000
HOXA9	0.000	0.000	0.000	0.000
HOXB-AS3	0.000	0.000	0.000	0.000
HOXB5	0.585	0.372	0.710	0.000
HOXB6	0.000	0.000	0.000	0.000
HOXB8	0.335	0.642	1.121	0.560
HOXC10	0.000	1.179	0.936	0.917
HOXC8	1.095	0.855	1.276	0.000
HOXD1	0.000	0.000	0.000	0.000
HS3ST3A1	0.335	0.000	0.000	0.000
HSP90AA1	2.619	2.105	2.281	2.303
HSP90AB1	1.882	1.620	2.108	2.141
HSP90B1	3.000	3.099	3.145	2.773
HSPA1A	0.000	0.000	0.417	0.000
HSPA1B	0.335	0.372	0.710	0.000
HSPA4L	0.585	0.000	0.000	0.000
HSPA5	2.192	1.309	1.636	2.303
HSPA8	1.753	1.620	1.636	1.179
HSPA9	0.952	0.372	0.417	0.560
HSPB6	2.463	1.925	2.472	2.443
HSPB7	0.000	0.000	0.000	0.000
HSPD1	1.331	0.855	1.121	1.559
HSPE1	0.335	0.372	0.417	0.000
HSPH1	0.952	0.642	1.121	0.560
HTR2A	0.000	0.000	0.417	0.000
HTR7	0.000	0.000	0.000	0.000
HTRA1	1.605	2.257	2.226	2.225
HTRA3	0.000	0.372	0.000	0.000
HUNK	0.000	0.000	0.417	0.000
HYDIN	0.335	0.000	0.000	0.000
HYLS1	0.335	0.000	0.000	0.000
HYOU1	0.785	0.000	0.710	0.560
ICAM1	0.000	0.000	0.000	0.000
ICAM4	0.000	0.000	0.000	0.000
ID1	0.335	0.000	0.000	0.000
ID2	0.335	0.000	0.417	0.000
ID3	0.000	0.000	0.000	0.000
ID4	0.000	0.000	0.000	0.000
IDI1	0.000	0.642	0.417	0.560
IER2	0.000	0.372	0.000	0.000
IER3	0.000	0.372	1.530	0.000
IER5L	0.335	0.372	1.121	0.917
IFI27	0.335	0.000	0.936	0.560
IFI44L	0.000	0.000	0.417	0.000
IFI6	1.220	1.309	2.556	0.560
IFIH1	0.000	0.000	0.000	0.000
IFIT1	0.000	0.372	0.000	0.000
IFIT2	0.000	0.000	0.000	0.560
IFIT3	0.000	0.372	0.000	0.000
IGF1	0.000	0.372	0.000	0.000
IGF2BP1	0.000	0.000	0.000	0.000
IGF2BP3	0.000	0.372	0.417	0.917
IGFBP3	0.000	0.000	0.000	0.000
IGFBP4	2.147	2.921	2.332	2.225
IGFBP5	0.000	2.969	1.974	1.559
IGFBP6	0.585	0.642	0.936	1.179
IGFBP7	0.585	1.309	0.000	1.179
IGSF10	0.000	0.000	0.000	0.000
IGSF3	0.000	0.000	0.000	0.000
IKZF2	0.000	0.000	0.000	0.000
IL10	0.000	0.000	0.000	0.000
IL13RA2	0.000	0.372	0.000	0.000
IL1R1	1.095	1.309	1.276	1.559
IL1RN	0.000	0.000	0.000	0.000
IL32	0.000	0.000	0.000	0.000
IL33	0.000	0.000	0.000	0.000
IL6	0.000	0.000	0.000	0.000
IL6R	0.000	0.000	0.000	0.000
IL7R	0.000	0.000	0.000	0.000
ILDR2	0.000	0.000	0.000	0.000
INCENP	0.000	0.000	0.000	0.000
INHBA	0.585	0.642	0.417	1.179
INPP4B	0.000	0.000	0.000	0.000
INPP5D	0.000	0.000	0.000	0.000
INSIG1	0.000	0.000	1.121	1.387
INSYN2B	0.000	0.372	0.000	0.000
IQCA1	0.000	0.000	0.000	0.000
IQGAP2	0.000	0.000	0.000	0.000
IQGAP3	0.000	0.000	0.000	0.000
IRF1	0.000	0.372	0.936	0.000
IRS2	0.000	0.000	0.000	0.000
ISG15	0.335	0.372	0.417	0.000
ISLR	0.335	1.424	1.121	2.225
ITGA1	0.000	0.000	0.000	0.560
ITGA11	0.000	0.000	0.000	0.000
ITGA2	0.585	0.372	0.417	0.000
ITGA4	0.585	0.372	0.710	0.000
ITGAX	0.000	0.000	0.000	0.000
ITGB3BP	0.000	0.642	0.417	0.000
ITGB8	0.000	0.000	0.000	0.000
ITGBL1	1.095	1.527	1.411	0.560
ITM2A	0.000	0.000	0.000	0.560
ITM2C	0.952	1.179	0.417	0.917
JAG2	0.000	0.000	0.000	0.000
JAKMIP2	0.000	0.000	0.000	0.000
JAKMIP3	0.000	0.000	0.000	0.000
JAM2	0.335	0.000	0.000	0.000
JCAD	0.585	0.000	0.417	0.000
JPT1	0.335	0.372	0.000	0.000
JPT2	0.335	0.000	0.000	0.560
JUN	0.585	1.030	1.276	1.559
JUP	0.000	0.000	0.000	0.000
KCND2	0.000	0.000	0.000	0.000
KCNE4	0.000	0.000	0.417	0.560
KCNH1	0.000	0.000	0.000	0.000
KCNJ2	0.000	0.000	0.000	0.917
KCNK2	0.000	0.000	0.710	0.000
KCNK6	0.000	0.372	0.000	0.000
KCNMA1	0.000	0.000	0.000	0.560
KCNQ1OT1	0.000	0.000	0.000	0.560
KCNQ5	0.000	0.000	0.000	0.000
KCTD12	0.585	0.855	1.974	0.917
KHDRBS3	0.000	0.000	0.417	0.000
KIAA0586	0.000	0.000	0.000	0.000
KIF11	0.000	0.000	0.000	0.000
KIF14	0.000	0.000	0.000	0.000
KIF15	0.000	0.000	0.000	0.000
KIF18A	0.000	0.000	0.000	0.000
KIF18B	0.000	0.000	0.000	0.000
KIF20A	0.000	0.000	0.000	0.000
KIF20B	0.000	0.000	0.417	0.000
KIF21A	0.000	0.000	0.000	0.000
KIF22	0.000	0.000	0.000	0.000
KIF23	0.000	0.000	0.000	0.000
KIF26A	0.000	0.000	0.000	0.000
KIF26B	0.000	0.000	0.710	0.917
KIF2C	0.000	0.000	0.000	0.000
KIF4A	0.000	0.000	0.000	0.000
KIF5B	0.785	1.424	1.636	0.917
KIFC1	0.000	0.000	0.000	0.000
KLF10	0.335	0.000	1.121	0.000
KLF17	0.000	0.000	0.000	0.000
KLF2	0.000	0.000	0.000	0.000
KLF4	0.335	0.000	0.710	0.560
KLF6	0.585	0.855	1.819	1.705
KLHL24	0.000	0.000	0.000	0.000
KLHL34	0.000	0.000	0.000	0.000
KMT5A	0.585	0.000	0.710	0.560
KNL1	0.000	0.000	0.000	0.560
KNSTRN	0.000	0.000	0.000	0.000
KNTC1	0.000	0.000	0.710	0.560
KPNA2	0.585	0.000	0.000	0.000
KPNB1	1.331	1.179	0.936	1.179
KRT17	0.000	0.000	0.000	0.000
KRT18	0.000	0.000	0.000	0.000
KRT19	0.000	0.372	0.000	0.000
KRT7	0.000	0.000	0.000	0.000
KRT8	0.000	0.000	0.000	0.560
KRTAP2-3	0.000	0.000	0.000	0.000
KYNU	0.000	0.642	0.000	0.000
L1TD1	0.000	0.000	0.000	0.000
LAG3	0.000	0.000	0.000	0.000
LAMA5	0.000	0.000	0.000	0.000
LAMC3	0.000	0.000	0.000	0.000
LBH	0.000	0.372	0.000	0.000
LBR	0.000	0.000	0.417	0.000
LCE2A	0.000	0.000	0.000	0.000
LDHA	2.049	1.925	1.819	2.048
LDLR	0.335	0.855	0.936	0.917
LEF1	0.000	0.000	0.000	0.000
LFNG	0.000	0.000	0.000	0.000
LGALS9	0.000	0.000	0.000	0.000
LGMN	0.585	0.372	0.000	0.917
LGR4	0.000	0.000	0.417	0.000
LIG1	0.000	0.000	0.000	0.000
LIMA1	1.095	1.424	0.710	1.559
LIMCH1	0.000	0.000	0.000	0.000
LIN9	0.000	0.000	0.000	0.000
LINC00517	0.000	0.000	0.000	0.000
LINC00968	0.000	0.000	0.000	0.000
LINC01133	0.000	0.000	0.000	0.000
LINC01220	0.000	0.000	0.000	0.000
LINC01305	0.000	0.000	0.000	0.000
LINC01366	0.000	0.000	0.000	0.000
LINC01503	0.000	0.372	0.417	1.179
LINC01705	0.335	0.000	0.000	0.000
LINC01829	0.000	0.000	0.000	0.000
LINC01929	0.000	0.000	0.000	0.000
LINC02256	0.000	0.000	0.000	0.000
LINC02266	0.000	0.000	0.000	0.000
LINC02458	0.000	0.000	0.000	0.000
LINC02489	0.000	0.000	0.000	0.000
LINC02544	0.000	0.000	0.000	0.000
LINC02795	0.000	0.000	0.000	0.000
LIPC	0.000	0.000	0.000	0.000
LIPG	0.000	0.000	0.417	0.000
LMCD1	0.000	0.642	0.417	0.000
LMNB1	0.000	0.000	0.000	0.000
LMNB2	0.000	0.000	0.000	0.000
LMO4	0.952	1.030	0.710	1.559
LMO7	0.785	0.000	0.000	1.179
LMOD1	0.000	0.000	0.000	0.000
LONRF2	0.000	0.000	0.000	0.000
LOX	1.682	2.611	1.276	1.833
LOXL1	0.000	0.372	0.936	0.000
LOXL2	1.682	1.620	0.710	1.179
LOXL4	0.785	0.855	0.417	0.000
LPXN	0.585	0.372	0.417	0.000
LRATD1	0.000	0.000	0.000	0.000
LRRC15	0.000	0.000	0.000	0.000
LRRC17	1.522	1.989	1.636	1.559
LRRC4	0.000	0.000	0.000	0.000
LRRC59	1.331	0.642	0.710	0.917
LRRIQ1	0.000	0.000	0.000	0.560
LRRN3	0.000	0.000	0.000	0.000
LRRN4CL	0.000	0.372	0.000	0.000
LRRTM2	0.000	0.000	0.000	0.000
LSAMP	0.000	0.000	0.000	0.000
LSM5	0.335	0.000	0.417	0.000
LSP1	0.000	0.642	0.000	1.179
LTK	0.000	0.000	0.000	0.000
LUM	1.820	2.611	2.169	2.141
LURAP1L	0.335	0.000	0.710	0.000
LXN	0.000	0.372	1.121	0.917
LYAR	0.000	0.000	0.000	0.000
LYPD1	0.000	0.000	0.000	0.000
LYPLAL1-AS1	0.000	0.000	0.000	0.000
MAB21L1	0.000	0.000	0.000	0.000
MACC1	0.000	0.000	0.000	0.000
MAD2L1	0.000	0.000	0.000	0.000
MAF	0.000	0.000	0.000	0.000
MAFB	0.585	0.855	1.276	0.000
MAGEL2	0.000	0.000	0.000	0.000
MALAT1	2.619	2.735	3.122	3.459
MALINC1	0.000	0.000	0.000	0.000
MALL	0.000	0.642	0.000	0.000
MAMLD1	0.000	0.000	0.000	0.000
MAN1C1	0.785	0.000	0.417	0.000
MANF	0.335	0.372	0.000	0.560
MAP1B	0.585	1.857	1.121	1.705
MAP2	0.000	0.000	0.000	0.000
MAP3K21	0.000	0.000	0.000	0.000
MAP3K5	0.000	0.000	0.000	0.000
MAP7D3	0.000	0.855	0.710	0.560
MARCKS	1.882	1.030	2.332	2.376
MARCKSL1	1.522	0.372	0.710	0.000
MARK1	0.000	0.000	0.000	0.000
MASP1	0.585	0.372	0.417	0.000
MASTL	0.000	0.000	0.000	0.000
MATN2	0.000	0.000	0.000	0.000
MBOAT2	0.000	0.000	0.000	0.560
MBP	0.000	0.855	0.417	0.560
MCAM	0.000	0.000	0.417	0.000
MCM10	0.000	0.000	0.000	0.000
MCM2	0.000	0.000	0.000	0.000
MCM3	0.000	0.000	0.417	0.000
MCM4	0.000	0.000	0.000	0.000
MCM5	0.000	0.000	0.000	0.560
MCM6	0.000	0.000	0.417	0.000
MCM7	0.585	0.000	0.000	0.000
MCM8	0.000	0.000	0.000	0.560
MDK	0.000	0.372	0.000	0.000
MDM2	1.431	0.000	0.417	0.560
MEDAG	0.000	0.642	0.417	0.000
MEF2C	0.000	0.000	0.000	0.000
MEG3	0.335	0.372	0.000	0.000
MELK	0.335	0.000	0.000	0.000
MEOX2	0.000	0.000	0.000	0.000
MEST	0.000	0.000	0.000	0.000
MET	0.000	0.000	0.000	0.000
MEX3A	0.000	0.372	0.000	0.000
MFAP4	0.585	1.179	1.819	0.917
MFAP5	0.952	1.620	1.530	1.833
MFGE8	0.585	0.372	0.936	1.179
MGLL	0.335	0.000	0.417	0.000
MGP	0.000	0.000	0.000	0.560
MIAT	0.000	0.000	0.417	0.000
MICAL2	0.952	1.706	0.417	1.387
MIR1244-2	1.095	0.642	1.530	2.048
MIR34AHG	0.000	0.372	0.000	0.000
MIR503HG	0.000	1.309	1.530	0.917
MIS18A	0.000	0.000	0.000	0.000
MIS18BP1	0.335	0.642	0.417	0.560
MIXL1	0.000	0.000	0.000	0.000
MKI67	0.000	0.000	0.000	0.000
MLLT11	0.000	0.372	0.000	0.000
MME	0.785	1.527	1.121	0.000
MMP1	1.220	2.506	1.636	0.000
MMP11	0.000	0.000	0.000	0.000
MMP12	0.000	0.000	0.000	0.000
MMP14	2.703	2.304	2.108	1.387
MMP16	0.000	0.000	0.000	0.917
MMP2	2.874	2.644	3.099	2.675
MMP3	0.000	0.372	0.000	0.000
MMP9	0.000	0.000	0.000	0.000
MMS22L	0.000	0.000	0.000	0.000
MN1	0.335	0.372	0.000	0.560
MND1	0.000	0.000	0.000	0.560
MNS1	0.000	0.000	0.000	0.000
MOXD1	0.335	1.030	0.710	0.560
MROH8	0.000	0.000	0.000	0.000
MRPS6	0.585	0.372	0.417	0.000
MRTO4	0.000	0.372	0.417	0.000
MRVI1	0.000	0.000	0.000	0.000
MSMO1	0.335	0.855	0.000	0.000
MSX1	0.335	0.372	0.417	0.560
MT-RNR1	3.164	3.671	2.226	3.092
MT1A	0.335	0.372	0.000	0.000
MT1E	0.335	0.855	0.936	0.560
MT1L	0.335	0.372	0.417	0.917
MT2A	1.820	2.543	1.276	2.141
MTCO1P29	0.000	0.000	0.000	0.000
MTFR2	0.000	0.000	0.000	0.000
MTHFD1	0.000	0.000	0.417	0.000
MTHFD2	0.000	0.000	0.000	0.000
MTUS1	0.000	0.000	0.000	0.000
MUC20	0.000	0.000	0.000	0.000
MX1	0.000	0.000	0.000	0.000
MX2	0.000	0.000	0.417	0.000
MXD3	0.000	0.000	0.000	0.000
MXRA5	0.000	1.179	1.411	0.917
MYADM	0.000	0.855	0.000	0.560
MYBL1	0.000	0.000	0.000	0.000
MYBL2	0.000	0.000	0.000	0.000
MYC	0.000	0.372	1.121	0.000
MYL9	1.095	2.209	0.710	0.917
MYLK	0.335	0.000	0.000	0.000
MYLPF	0.000	0.000	0.000	0.000
MYO10	0.785	0.000	0.000	0.560
MYO1B	1.997	0.855	0.710	0.560
MYO1D	0.335	0.642	0.417	0.000
MZT1	0.335	0.372	0.000	0.000
N4BP2	0.000	0.000	0.417	0.917
NAA15	0.335	0.372	0.417	0.000
NABP1	1.522	1.030	1.411	0.000
NAMPT	0.335	0.000	0.936	0.000
NAP1L3	0.000	0.000	0.000	0.000
NASP	0.000	0.372	0.417	1.387
NAT2	0.000	0.000	0.000	0.000
NAV1	0.000	0.855	1.276	0.560
NAV2	0.000	0.000	0.710	0.560
NBL1	1.331	1.309	1.411	0.000
NCAM1	0.000	0.000	0.000	0.000
NCAM2	0.335	0.372	0.000	0.917
NCAPD2	0.000	0.000	0.936	0.000
NCAPD3	0.000	0.372	0.000	0.000
NCAPG	0.000	0.000	0.000	0.560
NCAPG2	0.000	0.000	0.000	0.000
NCAPGP1	0.000	0.000	0.000	0.000
NCAPH	0.000	0.000	0.000	0.000
NCKAP5	0.335	0.000	0.000	0.000
NCL	1.682	1.179	1.121	1.179
NDC1	0.000	0.000	0.000	0.000
NDC80	0.000	0.000	0.000	0.000
NDN	0.785	0.000	0.000	0.000
NDNF	0.335	0.372	0.000	0.000
NDUFA4L2	0.335	0.000	0.000	0.000
NDUFAB1	1.095	0.642	0.417	0.000
NEAT1	1.220	1.309	1.636	1.387
NEB	0.000	0.372	0.000	0.000
NEBL	0.000	0.000	0.000	0.000
NECTIN4	0.000	0.000	0.000	0.000
NEDD1	0.335	0.642	0.000	0.000
NEDD9	0.000	0.000	0.000	0.000
NEFH	0.000	0.000	0.000	0.000
NEFL	0.000	0.000	0.000	0.000
NEFM	0.000	0.000	0.000	0.000
NEGR1	0.785	0.000	0.936	0.000
NEIL1	0.000	0.000	0.000	0.000
NEIL3	0.000	0.000	0.000	0.000
NEK2	0.000	0.000	0.000	0.000
NEK7	0.335	0.642	0.000	0.000
NES	0.000	0.000	0.417	0.000
NET1	0.585	0.855	0.936	0.560
NETO1	0.335	0.000	0.000	0.000
NETO2	0.000	0.000	0.000	0.000
NEURL1B	0.000	0.000	0.000	0.000
NEXN	0.335	0.855	0.000	0.560
NFATC2	0.000	0.000	0.000	0.000
NFIB	0.335	0.372	1.121	0.917
NFKBIA	0.000	0.000	0.000	0.000
NFKBIZ	0.000	0.000	0.710	0.560
NGEF	0.000	0.000	0.000	0.000
NGF	0.000	0.000	0.000	0.000
NGFR	0.000	0.000	0.000	0.560
NIBAN1	0.785	0.000	0.710	0.560
NIFK	0.585	0.372	0.000	0.560
NKD2	0.000	0.372	0.000	0.000
NKX3-2	0.335	0.000	0.000	0.000
NLGN1	0.000	0.000	0.000	0.000
NLN	0.000	0.000	0.000	0.000
NLRP2	0.000	0.000	0.000	0.000
NME1	2.429	0.855	0.936	0.560
NNAT	0.000	0.000	0.000	0.000
NNMT	1.095	1.706	1.411	1.179
NOC3L	0.000	0.000	0.000	0.560
NOLC1	0.585	0.372	0.417	0.000
NOP16	0.000	0.000	0.417	0.000
NOP56	0.000	0.642	0.417	0.917
NOP58	0.785	0.000	0.936	0.000
NOTCH3	0.335	0.000	0.000	0.000
NOVA2	0.000	0.000	0.000	0.000
NPAS3	0.000	0.000	0.000	0.000
NPDC1	0.000	0.000	0.417	0.560
NPR3	0.000	0.000	0.000	0.000
NPTX1	0.000	0.000	0.000	0.000
NPTXR	0.000	0.000	0.000	0.000
NR1D1	0.585	0.000	0.000	0.000
NR2F1	0.585	0.000	0.000	0.000
NR2F2	0.585	1.424	0.936	2.225
NR4A1	0.000	0.000	0.000	0.000
NREP	2.049	1.857	2.381	2.303
NRG1	0.000	0.372	0.000	0.000
NRK	0.000	0.000	0.000	0.000
NRN1	0.000	1.527	1.121	0.560
NRP2	1.220	0.000	0.417	0.000
NRXN2	0.000	0.000	0.000	0.000
NSD2	0.000	0.000	0.000	0.000
NT5DC2	1.331	0.372	1.636	1.387
NT5E	0.000	0.372	1.276	0.560
NTM	1.431	1.424	0.417	1.179
NTN4	0.000	0.000	0.417	0.560
NTNG1	0.000	0.372	0.000	0.000
NTSR1	0.000	0.000	0.000	0.000
NUAK1	0.000	0.000	0.000	0.000
NUCKS1	1.682	1.309	2.043	0.560
NUF2	0.000	0.000	0.000	0.000
NUP107	0.000	0.372	0.000	0.000
NUP50	0.335	0.372	0.417	0.000
OAS1	0.000	0.000	0.000	0.000
OAS2	0.000	0.000	0.000	0.560
OAS3	0.000	0.000	0.000	0.000
OASL	0.000	0.000	0.000	0.000
ODC1	0.000	0.000	0.000	0.000
OGFRL1	0.000	0.000	0.000	0.000
OGN	0.952	0.642	0.936	0.560
OIP5	0.000	0.000	0.000	0.000
OLFM1	0.000	0.000	0.000	0.000
OLFM2	0.000	0.000	0.000	0.000
OLFML1	0.000	0.000	0.417	0.560
OLFML2A	0.335	0.000	0.000	0.560
OLFML2B	0.335	1.030	2.556	1.947
OMD	0.000	0.000	0.000	0.560
OMG	0.000	0.000	0.000	0.000
ORC1	0.000	0.000	0.000	0.000
ORC6	0.000	0.000	0.000	0.000
OSR1	0.335	0.372	0.000	0.560
OSR2	0.000	0.372	0.000	1.179
OXTR	0.000	0.000	0.000	0.000
P2RX7	0.000	0.000	0.000	0.000
PA2G4	1.682	0.000	0.417	1.179
PAG1	0.585	0.000	0.000	0.000
PAICS	0.785	0.855	0.417	0.560
PAK3	0.000	0.000	0.000	0.000
PALLD	1.682	1.179	0.710	1.387
PALM2-AKAP2	0.335	0.372	0.000	0.000
PALMD	0.000	0.000	0.000	0.000
PAPPA	1.331	0.642	1.411	0.917
PAQR4	0.000	0.000	0.000	0.000
PARD3B	0.000	0.000	0.000	0.000
PARP2	0.000	0.642	0.000	0.000
PARPBP	0.000	0.000	0.000	0.560
PART1	0.000	0.000	0.000	0.000
PAWR	0.000	0.000	0.000	0.000
PAX6	0.000	0.000	0.000	0.000
PAX8-AS1	0.000	0.000	0.000	0.000
PBK	0.000	0.000	0.000	0.000
PCDH10	0.000	0.000	0.000	0.000
PCDH7	0.000	1.030	1.530	0.560
PCDH9	0.585	0.000	0.936	0.000
PCDHB15	0.000	0.000	0.000	0.000
PCDHB16	0.000	0.000	0.000	0.000
PCDHB5	0.000	0.000	0.000	0.000
PCLAF	0.000	0.000	0.000	0.560
PCNA	1.220	0.855	0.710	0.560
PCOLCE2	0.585	0.000	0.710	0.000
PCSK1	0.000	0.000	0.000	0.000
PCSK5	0.000	0.000	0.000	0.560
PCSK9	0.000	0.000	0.000	0.000
PDE1B	0.000	0.000	0.000	0.000
PDE3A	0.000	0.000	0.000	0.000
PDE3B	0.000	0.000	0.000	0.000
PDE5A	0.000	0.000	0.000	0.000
PDGFD	0.000	0.000	0.710	0.000
PDGFRA	0.585	1.030	1.900	1.833
PDGFRL	0.585	0.000	0.000	0.000
PDLIM3	0.000	0.000	0.000	0.000
PDPN	0.000	0.855	0.417	0.000
PEA15	0.335	1.309	1.411	0.917
PEG10	0.000	0.000	0.000	0.000
PEG3	0.000	0.000	0.000	0.000
PENK	0.000	0.000	0.000	1.179
PF4V1	0.000	0.000	0.000	0.000
PFN1	2.780	2.992	2.739	2.566
PGF	0.585	0.000	0.417	0.560
PHACTR3	0.000	0.000	0.000	0.000
PHEX	0.000	0.000	0.000	0.000
PHF19	0.000	0.000	0.000	0.000
PHIP	0.335	0.000	0.000	0.917
PHLDA1	0.000	0.000	0.936	0.000
PHLDA2	0.335	0.372	0.000	0.000
PI16	0.000	0.000	0.000	0.000
PID1	0.785	0.855	0.000	0.000
PIEZO2	0.000	0.000	0.000	0.560
PIF1	0.000	0.000	0.000	0.000
PIK3R6	0.000	0.000	0.417	0.000
PILRB	0.000	0.000	0.000	0.000
PIM1	0.952	0.000	0.710	0.000
PIMREG	0.000	0.000	0.000	0.000
PIWIL2	0.000	0.000	0.000	0.000
PKMYT1	0.000	0.000	0.000	0.000
PLAC9	0.335	0.855	0.710	0.000
PLAT	0.000	0.642	0.710	1.179
PLAU	1.095	0.642	0.710	0.000
PLAUR	0.335	0.000	0.936	0.000
PLCB1	0.335	0.372	0.000	0.000
PLEKHG1	0.000	0.372	0.000	0.000
PLEKHH2	0.000	0.000	0.000	0.000
PLIN2	1.095	0.642	1.636	0.000
PLK1	0.000	0.000	0.000	0.000
PLK2	0.000	0.372	0.000	0.560
PLK4	0.000	0.000	0.000	0.000
PLOD2	1.522	1.527	1.276	1.833
PLP1	0.000	0.000	0.000	0.000
PLPP1	0.785	0.642	0.710	0.560
PLPP3	1.095	0.000	1.530	0.917
PLPP4	0.335	0.000	0.000	0.000
PLTP	1.605	0.642	0.000	0.000
PLXDC1	0.335	0.000	0.936	0.000
PLXDC2	0.000	0.372	0.000	0.917
PLXNC1	0.000	0.000	0.000	0.000
PMAIP1	0.335	0.000	0.417	0.000
PMEPA1	0.000	0.372	0.710	0.000
PMFBP1	0.000	0.000	0.000	0.000
PNMA2	0.000	0.000	0.000	0.000
PNP	0.585	0.000	0.000	0.000
PNPT1	0.000	0.372	0.000	0.000
POC1A	0.000	0.000	0.000	0.000
POLD3	0.000	0.000	0.417	0.000
POLE2	0.000	0.000	0.000	0.000
POLE3	0.335	0.372	0.710	0.000
POLQ	0.000	0.000	0.000	0.000
POSTN	2.099	2.706	1.530	0.917
POU2F2	1.882	0.372	0.000	0.560
PPFIA2	0.000	0.000	0.000	0.000
PPIF	0.952	0.642	0.417	0.000
PPL	0.000	0.000	0.000	0.000
PPP1R3C	0.000	0.000	0.417	0.000
PRAG1	0.000	0.000	0.000	0.000
PRC1	0.000	0.000	0.000	0.000
PRDM1	0.000	0.642	0.710	0.000
PRDM16	0.000	0.000	0.000	0.000
PRG4	0.000	0.000	1.636	1.179
PRICKLE1	0.585	0.642	1.121	0.000
PRKCZ-AS1	0.000	0.000	0.000	0.000
PRKDC	1.220	0.372	0.417	0.000
PRLR	0.000	0.000	0.000	0.000
PRMT1	0.952	0.000	0.000	0.560
PRPS1	0.000	0.000	0.000	0.000
PRR11	0.585	0.000	0.000	0.000
PRRG3	0.000	0.000	0.417	0.000
PRSS21	0.000	0.000	0.000	0.000
PRSS23	0.585	1.309	0.000	0.000
PRXL2A	0.000	0.000	0.000	0.000
PSAP	2.496	2.348	2.428	1.947
PSAT1	0.000	0.000	0.000	0.000
PSG5	0.000	0.000	0.000	0.000
PSIP1	0.785	0.000	0.417	1.179
PSMC3IP	0.000	0.000	0.000	0.000
PSMD14	0.000	0.372	0.710	0.560
PSMD2	0.785	1.030	0.936	0.917
PSRC1	0.000	0.000	0.000	0.000
PTCHD4	0.000	0.000	0.000	0.000
PTGDS	0.000	0.000	0.000	0.000
PTGER2	0.000	0.372	0.000	0.000
PTGER3	0.000	0.000	0.000	0.000
PTGER4	0.000	0.000	0.000	0.000
PTGES	0.335	0.000	0.710	0.000
PTGES3	1.220	0.855	0.000	0.917
PTGFR	0.585	0.000	1.276	0.000
PTGFRN	0.585	0.642	0.710	0.000
PTGIS	0.785	0.372	1.530	1.387
PTGS1	0.585	0.000	0.000	0.000
PTGS2	0.000	0.372	0.000	0.000
PTHLH	0.000	0.000	0.000	0.000
PTMA	2.192	1.030	2.472	3.158
PTN	0.000	0.000	0.000	0.000
PTPRD	0.000	0.000	0.000	0.000
PTPRE	0.000	0.000	0.000	0.000
PTPRF	0.335	0.000	0.000	0.000
PTPRN	0.000	0.000	0.000	0.000
PTPRN2	0.000	0.000	0.000	0.000
PTPRQ	0.000	0.000	0.000	0.000
PTTG1	0.585	0.000	0.417	0.560
PTX3	0.000	0.000	0.000	0.000
PUM3	0.000	0.000	0.000	0.000
PURPL	0.000	0.000	0.000	0.000
PXDN	1.753	1.030	1.530	1.705
QPCT	0.585	0.000	0.000	0.000
QPRT	1.753	1.925	1.530	1.387
RAB27B	0.000	0.000	0.000	0.000
RAB31	1.220	0.855	1.411	0.560
RAB3B	0.585	0.372	0.000	1.387
RACGAP1	0.000	0.000	0.000	0.000
RAD18	0.000	0.000	0.417	0.000
RAD21	0.335	0.855	0.936	1.179
RAD51	0.000	0.000	0.000	0.000
RAD51AP1	0.000	0.000	0.000	0.000
RAD54L	0.000	0.000	0.000	0.000
RAD9B	0.000	0.000	0.000	0.000
RAMP1	0.000	0.000	0.000	0.000
RAN	1.753	1.989	1.276	2.141
RANBP1	0.335	0.855	0.710	1.179
RANBP17	0.000	0.000	0.000	0.000
RANGAP1	0.335	0.000	0.000	0.000
RARRES1	0.585	0.372	0.710	0.917
RARRES2	0.000	0.000	0.000	0.000
RASD1	0.000	0.000	0.000	0.000
RASGRP1	0.335	0.000	0.000	0.000
RASSF2	0.000	0.000	1.121	0.000
RBBP8	0.000	0.000	0.417	0.917
RBM46	0.000	0.000	0.000	0.000
RBP1	0.000	0.000	0.000	0.000
RCAN1	0.000	0.000	0.000	0.560
RCAN2	0.335	0.642	0.710	0.000
RCC2	0.585	0.855	0.000	0.560
RDH10	0.000	0.000	0.000	0.000
REEP4	0.000	0.000	0.417	0.000
REEP6	0.000	0.000	0.000	0.000
REPS2	0.000	0.000	0.000	0.000
RETREG1	0.000	0.000	0.000	0.000
REV3L	0.335	0.642	0.936	1.559
RFC3	0.000	0.000	0.000	0.000
RFC4	0.000	0.000	0.000	0.000
RFC5	0.000	0.000	0.000	0.000
RFLNB	0.000	0.000	0.000	0.000
RFPL1S	0.000	0.000	0.000	0.000
RFWD3	0.000	0.000	0.000	0.000
RGCC	0.335	0.372	0.710	0.000
RGS16	0.335	0.000	0.000	0.000
RGS2	0.000	0.642	0.000	0.560
RGS4	0.000	0.000	0.417	0.000
RHOB	0.335	0.372	0.000	0.560
RHOJ	0.000	0.000	0.710	0.000
RIF1	0.585	0.372	0.000	0.000
RMI1	0.000	0.000	0.000	0.000
RMI2	0.000	0.000	0.000	0.000
RN7SL832P	0.000	0.000	0.000	0.000
RND3	1.220	1.179	1.411	0.917
RNF144A	0.335	0.372	0.417	0.917
RNF150	0.000	0.000	0.000	0.000
RNF152	0.000	0.000	0.000	0.000
RNU1-85P	0.000	0.000	0.000	0.000
ROR1-AS1	0.000	0.000	0.000	0.000
RORB	0.000	0.000	0.000	0.000
RPA3	0.585	0.372	0.417	0.000
RPL22L1	0.785	1.309	0.936	0.917
RPL38P3	0.000	0.000	0.000	0.000
RPLP0P2	0.335	1.030	0.417	0.000
RPP38-DT	0.000	0.000	0.000	0.000
RPSAP45	0.000	0.000	0.000	0.000
RRAD	0.000	0.000	0.000	0.000
RRM1	0.335	0.642	0.000	0.560
RRM2	0.000	0.000	0.000	0.560
RRM2B	0.952	0.372	0.710	0.000
RRP15	0.000	0.000	0.000	0.000
RSAD2	0.000	0.000	0.000	0.000
RSPO3	0.000	0.000	0.000	0.000
RTCA-AS1	0.000	0.000	0.000	0.000
RTKN2	0.000	0.000	0.417	0.000
RUNX1	0.000	0.372	1.636	1.179
RUNX1T1	0.335	0.372	0.417	0.560
S100A10	1.941	2.469	1.900	2.048
S100A16	1.820	1.620	0.936	1.705
S100A2	0.000	0.000	0.000	0.000
S100A4	2.393	2.611	2.772	1.559
S100A6	4.065	4.298	3.167	3.549
S1PR1	0.000	0.000	0.000	0.000
S1PR3	0.000	0.000	0.000	0.000
SACS	0.000	0.372	0.417	1.179
SALL4	0.000	0.000	0.000	0.000
SAMD9	0.000	0.000	0.417	0.560
SAMHD1	0.335	0.372	1.276	0.917
SAPCD2	0.000	0.000	0.000	0.000
SASS6	0.000	0.000	0.000	0.000
SAT1	1.095	0.642	0.710	1.179
SCARA3	1.882	2.105	1.974	1.559
SCD	0.785	0.000	1.276	1.387
SCG2	0.000	0.000	0.000	0.000
SCG5	0.000	0.372	0.417	0.000
SCLT1	0.000	0.000	0.710	0.000
SCN2A	0.000	0.000	0.000	0.000
SCN9A	0.000	0.000	0.000	0.000
SCRG1	0.000	0.000	0.000	0.000
SCUBE3	0.000	1.030	0.000	0.560
SDC1	1.220	0.000	0.710	0.000
SDF2L1	0.000	0.000	0.000	0.000
SEC11C	0.335	0.642	0.000	0.000
SECTM1	0.000	0.000	1.121	0.560
SEL1L3	0.000	0.000	0.417	0.560
SELENOP	0.000	0.000	0.000	0.000
SEMA3A	0.000	0.000	0.417	0.000
SEMA3C	1.431	0.372	0.710	0.917
SEMA3D	0.000	0.000	0.000	0.000
SEMA3G	0.000	0.000	0.000	0.000
SEMA5A	0.000	1.030	1.411	0.917
SEMA6A	0.000	0.000	0.000	0.000
SEMA6D	0.000	0.000	0.000	0.000
SEMA7A	0.585	1.424	0.000	0.000
SEPTIN11	1.220	1.620	1.276	1.833
SEPTIN6	0.000	0.000	0.417	0.560
SERINC2	0.952	0.855	0.417	0.560
SERINC5	0.335	0.000	0.000	0.000
SERPINB7	0.335	0.000	0.000	0.000
SERPINB9	0.000	0.000	0.000	0.000
SERPINE1	1.605	1.857	0.936	0.560
SERPINE2	0.335	1.527	1.819	2.303
SERPING1	0.000	0.642	0.936	0.000
SERPINI1	0.000	0.000	0.000	0.000
SERTAD4	0.000	0.000	0.417	0.560
SERTAD4-AS1	0.000	0.642	0.417	0.000
SERTM1	0.000	0.000	0.000	0.000
SESN3	0.335	0.372	0.710	0.000
SFN	0.000	0.000	0.000	0.000
SFPQ	0.785	0.000	0.417	0.560
SFRP1	0.000	0.000	0.000	0.000
SFRP2	0.000	0.000	0.000	0.000
SFRP4	0.000	0.000	0.000	0.000
SGK1	0.000	0.000	0.000	0.000
SGO1	0.000	0.000	0.000	0.000
SGO2	0.000	0.000	0.000	0.000
SH2B3	0.000	0.372	0.000	0.000
SH3BGRL3	3.260	3.496	2.976	2.945
SH3PXD2A	0.000	0.855	1.530	0.560
SHC2	0.000	0.000	0.000	0.000
SHCBP1	0.000	0.000	0.000	0.000
SHOX2	0.335	0.000	0.000	0.000
SHROOM2	0.000	0.000	0.000	0.000
SIGLEC15	0.000	0.000	0.000	0.000
SIM1	0.000	0.000	0.000	0.000
SIPA1L2	0.000	0.000	0.000	0.000
SIX1	0.000	0.000	0.710	0.000
SIX2	0.000	0.372	0.710	0.000
SKA1	0.000	0.000	0.000	0.000
SKA3	0.000	0.000	0.000	0.000
SKIL	0.335	0.372	0.417	1.179
SKP2	0.000	0.372	0.417	0.560
SLA	0.000	0.000	0.000	0.000
SLC14A1	0.000	0.000	0.000	0.000
SLC16A1-AS1	0.000	0.000	0.710	0.000
SLC16A14	0.000	0.000	0.000	0.000
SLC16A4	0.000	0.372	0.000	0.000
SLC16A6	0.000	0.000	0.000	0.000
SLC1A1	0.000	0.372	0.710	0.000
SLC20A1	0.335	0.000	0.417	0.000
SLC25A13	0.000	0.000	0.417	0.000
SLC26A4	0.000	0.000	0.000	0.000
SLC29A1	0.000	0.000	0.000	0.000
SLC2A8	0.000	0.000	0.000	0.000
SLC35F4	0.000	0.000	0.000	0.000
SLC38A1	0.000	0.000	0.000	0.000
SLC38A2	0.335	1.309	2.169	1.705
SLC39A14	0.585	0.642	0.000	0.560
SLC3A2	0.585	0.000	0.417	0.000
SLC40A1	0.000	0.000	0.000	0.917
SLC43A2	0.000	0.372	0.000	0.000
SLC43A3	0.000	0.372	0.000	0.000
SLC5A3	0.000	0.000	0.000	0.000
SLC6A6	0.000	0.000	0.417	0.560
SLC7A1	0.000	0.372	0.000	0.560
SLC7A11	0.000	0.000	0.000	0.000
SLC7A14	0.000	0.000	0.000	0.000
SLC7A5	0.000	0.000	0.000	0.000
SLC7A8	0.335	0.000	0.000	0.917
SLC8A1	0.000	0.000	0.000	0.000
SLCO5A1	0.000	0.000	0.000	0.000
SLF1	0.000	0.000	0.000	0.000
SLIRP	0.785	1.179	0.000	1.833
SLIT2	0.785	1.030	0.417	0.917
SLIT3	0.000	0.000	0.000	0.000
SLITRK4	0.000	0.000	0.000	0.000
SMC1A	0.000	0.372	0.000	0.000
SMC1B	0.000	0.000	0.000	0.000
SMC2	0.952	0.000	0.000	0.917
SMC3	0.000	0.000	1.121	0.000
SMC4	0.335	1.030	1.121	1.559
SMIM3	0.952	1.527	0.710	0.000
SMS	0.585	0.855	0.936	1.559
SMYD3	0.335	1.424	0.000	0.000
SNAI2	0.585	1.030	1.121	0.917
SNAP25	0.000	0.372	0.000	0.000
SNCAIP	0.000	0.000	0.000	0.000
SNED1	0.000	0.855	0.417	0.917
SNHG1	0.335	0.000	0.000	0.000
SNHG3	0.000	0.000	0.000	0.000
SNORD3A	0.785	0.000	1.636	2.725
SNRPA1	0.952	0.642	0.000	0.000
SNRPB	0.785	0.372	0.000	0.000
SNRPD1	0.785	1.030	0.000	0.000
SNRPG	0.952	1.179	0.000	1.179
SOCS3	0.335	0.372	0.936	0.560
SOD2	1.682	0.372	1.636	0.560
SOX11	0.000	0.000	0.000	0.000
SOX4	0.585	1.527	0.936	0.000
SOX9	0.000	0.000	0.417	0.000
SP9	0.000	0.000	0.000	0.000
SPAG17	0.000	0.000	0.000	0.000
SPAG5	0.000	0.000	0.000	0.000
SPARC	3.688	4.247	3.399	3.813
SPARCL1	0.000	0.000	0.000	0.000
SPC24	0.335	0.000	0.000	0.000
SPC25	0.000	0.000	0.000	0.000
SPDL1	0.000	0.000	0.000	0.000
SPHK1	0.000	0.000	0.000	0.560
SPON1	0.000	0.372	0.000	0.000
SPON2	2.780	2.430	2.043	0.000
SPP1	0.000	0.000	0.000	0.000
SPRY1	0.000	0.000	0.000	0.000
SPRY4	0.000	0.000	0.000	0.000
SPSB1	0.000	0.372	0.710	0.000
SQLE	0.000	0.372	0.000	0.560
SRGN	0.785	0.372	1.411	0.000
SRM	0.785	0.855	0.710	0.000
SRSF2	1.095	0.372	0.710	1.179
SRSF3	1.431	0.642	0.710	0.560
SRSF7	0.952	0.855	0.000	0.917
SSPN	0.335	0.372	0.936	0.917
SSR3	1.941	2.049	1.900	1.833
SSRP1	0.000	0.642	1.276	1.705
SSX2IP	0.585	0.372	0.417	0.000
ST13P18	0.000	0.000	0.000	0.000
ST6GAL2	0.000	0.000	0.000	0.000
STAT1	1.095	1.030	0.936	0.560
STC1	0.000	0.000	0.000	0.000
STC2	0.000	0.000	0.000	0.000
STEAP1	0.952	0.855	0.710	0.000
STIL	0.000	0.000	0.000	0.000
STIP1	0.335	0.000	0.417	1.179
STK17B	0.000	0.000	0.417	0.917
STMN1	0.585	0.642	0.000	0.000
STMN2	0.000	0.000	0.000	0.000
STRA6	0.000	0.642	0.000	0.000
SUGCT	0.335	0.000	0.000	0.000
SULF1	0.335	0.372	0.710	1.387
SULF2	0.000	0.000	0.000	0.000
SULT1A1	0.000	0.000	0.000	0.000
SUN2	0.000	0.000	0.417	0.000
SUPT16H	0.000	0.372	0.000	0.917
SUSD2	0.335	0.000	0.000	0.000
SUV39H1	0.000	0.000	0.000	0.000
SVIL	0.000	0.000	0.710	0.560
SWAP70	0.335	0.000	0.710	0.560
SYCE1	0.335	0.000	0.000	0.000
SYNC	0.585	0.000	0.936	0.560
SYNCRIP	1.095	0.642	1.276	1.179
SYNDIG1	0.000	0.000	0.000	0.000
SYNE2	0.000	0.000	0.000	0.000
SYNJ2	0.000	0.000	1.121	0.000
SYNPO2	0.335	0.000	0.000	0.000
SYT1	0.000	0.000	0.000	0.000
SYT7	0.000	0.372	0.936	0.000
SYTL2	0.000	0.372	0.000	0.560
SYTL5	0.000	0.000	0.417	0.000
TACC3	0.000	0.000	0.000	0.000
TACSTD2	0.000	0.000	0.000	0.000
TAF7L	0.000	0.000	0.000	0.000
TAFA5	0.000	0.000	0.000	0.000
TAGLN	0.000	0.000	0.000	0.560
TAGLN2	2.192	1.527	2.108	2.141
TBX3	0.585	0.372	0.710	0.000
TBX5	0.000	0.000	0.417	0.000
TCAM1P	0.000	0.000	0.000	0.000
TCEAL5	0.000	0.000	0.000	0.000
TCERG1	0.335	0.000	0.417	0.917
TCF19	0.000	0.000	0.000	0.000
TCF21	0.000	0.000	0.000	0.000
TCF4	0.000	0.642	0.936	1.705
TCF7L1	0.335	0.000	0.000	0.000
TCOF1	0.585	0.372	0.000	0.000
TDO2	0.000	0.000	0.000	0.000
TDRD1	0.000	0.000	0.000	0.000
TDRD9	0.000	0.000	0.000	0.000
TEDC2	0.000	0.000	0.000	0.000
TENM2	0.000	0.000	0.000	0.000
TENT5A	1.095	0.642	1.636	0.560
TES	0.585	0.000	0.417	0.560
TFAM	0.335	0.372	0.936	0.000
TFDP1	0.585	0.372	0.710	0.917
TFPI2	1.522	0.000	0.710	0.560
TFRC	0.335	0.000	0.000	0.000
TGFB2	0.000	0.000	0.000	0.560
TGFB3	0.585	0.000	0.000	0.560
TGFBI	2.463	2.543	2.169	3.125
TGFBR3	0.585	0.642	0.417	0.560
TGM2	0.335	1.179	0.000	0.000
THBD	0.000	0.000	0.000	0.000
THBS1	0.952	1.989	2.281	1.179
THBS2	1.997	2.257	1.530	2.048
THRB	0.000	0.855	0.000	0.560
THSD4	0.000	0.000	0.000	0.000
THY1	2.147	3.333	3.210	2.675
TICRR	0.000	0.000	0.000	0.000
TIGD4	0.000	0.000	0.000	0.000
TIMELESS	0.000	0.000	0.000	0.000
TIMP1	2.429	2.469	1.276	2.443
TIMP3	0.785	2.872	2.864	0.917
TINAGL1	0.000	0.000	0.000	0.000
TIPARP	0.000	0.000	0.417	0.000
TK1	0.000	0.000	0.000	0.560
TLCD2	0.000	0.372	0.000	0.000
TLCD4	0.000	0.000	0.000	0.000
TLCD4-RWDD3	0.000	0.000	0.000	0.000
TLL1	0.000	0.000	0.000	0.000
TM4SF1	0.000	0.372	0.000	0.000
TMEM158	1.820	1.309	0.936	0.560
TMEM171	0.000	0.000	0.000	0.917
TMEM176A	0.000	0.000	0.000	0.000
TMEM176B	0.000	0.000	0.000	0.000
TMEM233	0.000	0.000	0.000	0.000
TMEM26	0.000	0.000	0.000	0.000
TMEM35A	0.335	0.372	0.710	0.000
TMEM45A	1.095	0.855	1.530	0.000
TMEM47	0.335	0.372	0.000	0.000
TMEM92	0.000	0.000	0.000	0.000
TMEM97	0.000	0.000	0.936	0.000
TMPO	0.000	0.000	0.000	0.560
TMPO-AS1	0.000	0.000	0.000	0.000
TMSB4X	3.095	4.247	3.210	3.591
TMTC2	0.335	0.000	0.000	0.560
TNC	2.236	3.078	1.530	0.917
TNFAIP2	0.335	0.000	0.000	0.000
TNFAIP3	0.000	0.000	0.000	0.000
TNFAIP6	0.000	0.000	0.000	0.000
TNFAIP8L1	0.000	0.000	0.000	0.000
TNFAIP8L3	0.000	0.000	0.710	0.000
TNFRSF10D	0.785	0.642	0.000	0.000
TNFRSF12A	0.585	0.372	0.710	0.560
TNFRSF19	0.000	0.372	0.000	0.000
TNFRSF21	0.000	0.372	0.417	0.560
TNFRSF9	0.000	0.000	0.000	0.000
TNFSF10	0.000	0.372	0.417	0.000
TNFSF11	0.000	0.000	0.000	0.000
TNFSF13B	0.000	0.000	0.000	0.000
TNFSF9	0.000	0.000	0.000	0.000
TNIK	0.000	0.000	0.000	0.000
TNRC6B	0.335	0.000	0.936	0.000
TOB1	0.952	0.372	0.000	0.000
TOP2A	0.000	0.000	0.000	0.000
TOPBP1	0.335	0.000	0.417	0.000
TOX	0.000	0.000	0.000	0.000
TP53INP1	0.585	0.372	0.710	0.000
TPI1	2.147	1.784	2.169	1.179
TPM1	0.585	1.030	1.121	0.917
TPM3	1.431	1.179	0.710	1.705
TPPP3	0.000	0.000	0.000	0.000
TPTE2P5	0.000	0.000	0.000	0.000
TPX2	0.000	0.000	0.000	0.000
TRA2B	0.785	0.372	0.710	0.000
TRABD2A	0.000	0.642	0.000	0.000
TRAPPC3L	0.000	1.030	0.000	0.000
TRBC2	0.000	0.000	0.000	0.917
TRHDE	0.335	0.372	0.000	0.000
TRIB2	0.000	0.372	0.710	0.560
TRIB3	0.000	0.000	0.000	0.000
TRIL	0.000	0.000	0.000	0.000
TRIM58	0.000	0.000	0.000	0.000
TRIP13	0.000	0.000	0.000	0.000
TRMU	0.000	0.000	0.000	0.000
TRNP1	0.585	0.855	0.417	0.000
TROAP	0.000	0.000	0.000	0.000
TRPA1	0.000	0.000	0.000	0.000
TRPM3	0.000	0.000	0.000	0.000
TSHZ2	0.000	0.372	0.000	0.000
TSPAN11	0.335	0.000	0.000	0.000
TSPAN13	0.000	0.000	0.000	0.000
TSPAN2	0.000	0.000	0.000	0.000
TSTD1	0.000	0.000	0.000	0.000
TTK	0.000	0.000	0.000	0.000
TUBA1A	1.095	1.309	0.936	1.833
TUBA1B	0.952	1.309	0.000	2.443
TUBA1C	0.785	0.855	0.710	0.560
TUBB	0.952	1.309	1.121	2.376
TUBB2A	0.000	0.642	0.000	0.000
TUBB2B	0.000	0.000	0.000	0.000
TUBB4B	0.585	0.000	0.417	0.917
TUBB6	0.000	0.642	0.710	0.917
TWIST1	0.000	0.000	0.000	0.000
TWIST2	1.682	1.179	1.276	1.179
TXLNB	0.000	0.000	0.000	0.000
TXNIP	0.785	0.642	1.530	0.560
TXNRD1	0.335	0.372	0.000	0.560
TYMS	1.431	0.000	0.000	0.000
UACA	0.585	0.642	1.636	1.387
UBE2C	0.000	0.000	0.000	0.000
UBE2QL1	0.000	0.000	0.000	0.000
UBE2S	0.335	0.372	0.000	0.000
UBE2T	0.000	0.000	0.000	0.000
UCHL1	2.703	2.644	1.732	1.387
UCP2	0.000	0.000	0.000	0.000
UGCG	0.335	0.372	0.000	0.000
UHRF1	0.000	0.000	0.000	0.000
UNC5B	0.000	0.000	0.000	0.000
UNC5C	0.000	0.000	0.000	0.000
USP1	0.000	0.000	0.000	0.560
USP44	0.000	0.000	0.000	0.000
USP51	0.000	0.000	0.000	0.000
USP53	0.585	0.372	0.710	0.000
VASN	0.000	0.855	0.710	0.000
VAT1L	0.000	0.642	0.000	0.560
VCAM1	0.000	0.000	0.000	0.000
VCAN	2.560	2.469	3.903	3.690
VEGFA	0.000	0.000	1.276	0.560
VEGFD	0.335	0.642	0.000	0.000
VEPH1	0.000	0.000	0.710	0.000
VGF	0.000	0.000	0.000	0.000
VGLL3	0.000	0.000	0.000	0.560
VPS9D1-AS1	0.000	0.000	0.000	0.000
VRK1	0.000	0.000	0.000	0.000
VSTM4	0.000	0.000	0.417	0.000
VWCE	0.000	0.000	0.000	0.000
WBP11	0.000	0.000	0.000	0.000
WDHD1	0.000	0.000	0.000	0.000
WDR43	0.335	0.642	0.417	0.560
WDR63	0.000	0.000	0.000	0.000
WDR76	0.000	0.000	0.000	0.000
WEE1	0.000	0.372	0.000	0.000
WFDC21P	0.000	0.000	0.417	0.000
WIF1	0.000	0.000	0.000	0.000
WNK3	0.000	0.000	0.000	0.000
WNT2	0.000	0.372	0.417	0.000
WNT2B	0.000	0.000	0.000	0.000
WNT5A	1.331	0.642	0.936	0.000
WNT7B	0.585	0.000	0.000	0.000
WWC1	0.000	0.000	0.000	0.000
XAF1	0.000	0.642	0.417	0.560
XRCC2	0.000	0.000	0.000	0.000
XYLT1	0.335	0.000	0.000	0.000
YPEL3	0.000	0.372	0.936	0.917
YWHAH	0.785	0.000	0.000	0.000
Z98884.1	0.000	0.000	0.000	0.000
ZFP36	0.335	0.000	0.000	0.000
ZFP36L1	0.952	2.348	2.893	1.833
ZFP36L2	0.952	0.372	0.417	0.000
ZFP42	0.000	0.000	0.000	0.000
ZGRF1	0.000	0.000	0.000	0.000
ZMAT3	2.049	1.030	1.411	1.559
ZNF208	0.000	0.000	0.000	0.000
ZNF367	0.000	0.000	0.000	0.000
ZNF385D	0.000	0.000	0.417	0.917
ZNF423	0.000	0.000	0.417	0.000
ZNF436	0.000	0.642	0.000	0.000
ZNF503	0.585	0.642	0.417	0.000
ZNF714	0.000	0.000	0.000	0.000
ZNF730	0.000	0.000	0.000	0.000
ZNF736P9Y	0.000	0.000	0.000	0.000
ZNF804A	0.000	0.000	0.000	0.000
ZNF853	0.000	0.000	0.000	0.000
ZNF93	0.000	0.000	0.000	0.000
ZSWIM2	0.000	0.000	0.000	0.000
ZWILCH	0.000	0.000	0.000	0.000
ZWINT	0.000	0.000	0.000	0.000
A1BG	0.000	0.000	0.000	0.000
AC006116.8	0.000	0.000	0.000	0.000
AC007285.1	0.000	0.000	0.000	0.000
AC007405.1	0.000	0.000	0.000	0.000
AC007666.1	0.000	0.000	0.000	0.000
AC008397.2	0.335	0.000	0.000	0.000
AC008883.3	0.000	0.000	0.000	0.000
AC010182.1	0.000	0.000	0.000	0.000
AC010834.3	0.000	0.000	0.000	0.000
AC012574.2	0.000	0.000	0.000	0.000
AC015819.1	0.000	0.000	0.000	0.000
AC015961.2	0.000	0.000	0.000	0.000
AC016596.1	0.000	0.000	0.000	0.000
AC019197.1	0.000	0.000	0.000	0.000
AC021321.1	0.000	0.000	0.000	0.000
AC024132.3	0.000	0.000	0.000	0.000
AC027796.1	0.000	0.000	0.000	0.000
AC079354.3	0.000	0.000	0.000	0.000
AC079416.2	0.000	0.000	0.000	0.000
AC079630.1	0.000	0.000	0.000	0.000
AC087752.4	0.000	0.000	0.000	0.000
AC091152.4	0.000	0.000	0.000	0.000
AC098679.2	0.000	0.000	0.000	0.000
AC099518.4	0.000	0.000	0.000	0.000
AC105114.1	0.000	0.000	0.000	0.000
AC112247.1	0.000	0.000	0.000	0.000
AC130650.2	0.000	0.000	0.000	0.000
ACKR2	0.000	0.000	0.000	0.000
ACOT1	0.000	0.000	0.000	0.000
AF241728.2	0.000	0.000	0.000	0.000
AL034417.4	0.000	0.000	0.000	0.000
AL049780.1	0.000	0.000	0.000	0.000
AL050343.3	0.000	0.000	0.000	0.000
AL078604.1	0.000	0.000	0.000	0.000
AL121992.3	0.000	0.000	0.000	0.000
AL139317.5	0.000	0.000	0.000	0.000
AL356966.1	0.000	0.000	0.000	0.000
AL391095.1	0.000	0.000	0.000	0.000
AL512603.1	0.000	0.000	0.000	0.000
AL662844.4	0.000	0.000	0.000	0.000
AMT	0.000	0.000	0.000	0.000
ANKRD22	0.000	0.000	0.000	0.000
AP001267.1	0.000	0.000	0.000	0.000
C2orf73	0.000	0.000	0.000	0.000
C9orf135	0.000	0.000	0.000	0.000
CAMK1G	0.000	0.000	0.000	0.000
CDH15	0.000	0.000	0.000	0.000
CSF3	0.000	0.000	0.000	0.000
DHX9P1	0.000	0.000	0.000	0.000
FAM222A	0.000	0.000	0.000	0.000
FLT3LG	0.000	0.000	0.000	0.000
FP700111.1	0.000	0.000	0.000	0.000
GPR75	0.000	0.000	0.000	0.000
GPRC5D-AS1	0.000	0.000	0.000	0.000
GPS2	0.000	0.000	0.000	0.000
GUSBP5	0.000	0.000	0.000	0.000
GVINP1	0.000	0.000	0.000	0.000
HIPK1-AS1	0.000	0.000	0.000	0.000
HPGD	0.000	0.000	0.000	0.000
IGSF22	0.000	0.000	0.000	0.000
INMT	0.000	0.372	0.000	0.000
KIF5C	0.000	0.000	0.000	0.000
KLHL14	0.000	0.000	0.000	0.000
KRTAP5-8	0.000	0.000	0.000	0.000
LINC00547	0.000	0.000	0.000	0.000
LINC01579	0.000	0.000	0.000	0.000
LINC01825	0.000	0.000	0.000	0.000
LINC02302	0.000	0.000	0.000	0.000
LURAP1L-AS1	0.000	0.000	0.000	0.000
LYL1	0.000	0.000	0.000	0.000
MAMDC2	0.000	0.000	0.000	0.000
MANCR	0.000	0.000	0.000	0.000
METTL7B	0.000	0.000	0.000	0.000
MIR302CHG	0.000	0.000	0.000	0.000
MIR3945HG	0.000	0.000	0.000	0.000
MPZL3	0.000	0.000	0.000	0.000
MRPL30P1	0.000	0.000	0.000	0.000
NANOS1	0.335	0.000	0.000	0.000
NGF-AS1	0.000	0.000	0.000	0.000
NHLH2	0.000	0.000	0.000	0.000
NRCAM	0.000	0.000	0.000	0.000
OGFOD2	0.000	0.000	0.000	0.000
PAPPA2	0.000	0.000	0.000	0.000
PIK3R5	0.000	0.000	0.000	0.000
PRRG4	0.000	0.000	0.000	0.000
RASSF6	0.000	0.000	0.000	0.000
RIBC2	0.000	0.000	0.000	0.000
RN7SL559P	0.000	0.000	0.000	0.000
RPL21P134	0.000	0.000	0.000	0.000
SEM1P1	0.000	0.000	0.000	0.000
SERPINB2	0.000	0.000	0.000	0.000
SHLD2P1	0.000	0.000	0.000	0.000
SLCO4A1	0.000	0.000	0.000	0.000
SOX9-AS1	0.000	0.000	0.000	0.000
SRPK3	0.000	0.000	0.000	0.000
TDRD12	0.000	0.000	0.000	0.000
TGFB2-AS1	0.000	0.000	0.000	0.000
TSPAN15	0.000	0.000	0.000	0.000
WNT16	0.000	0.000	0.000	0.000
Z73417.1	0.000	0.000	0.000	0.000
Z83745.1	0.000	0.000	0.000	0.000
ZNF346-IT1	0.000	0.000	0.000	0.000
AC007336.1	0.000	0.000	0.000	0.000
AC010343.3	0.000	0.000	0.000	0.000
AC012349.1	0.000	0.000	0.000	0.000
AC073072.1	0.000	0.000	0.000	0.000
AC099066.2	0.000	0.000	0.000	0.000
AC100801.1	0.000	0.000	0.000	0.000
ADGRG1	0.000	0.000	0.000	0.000
AFF2	0.000	0.000	0.000	0.000
AL034346.1	0.000	0.000	0.000	0.000
AL354743.1	0.000	0.000	0.000	0.000
C11orf87	0.000	0.000	0.000	0.000
CA2	0.000	0.000	0.000	0.000
CFAP58-DT	0.000	0.000	0.000	0.000
CMKLR1	0.000	0.000	0.000	0.000
COMP	0.000	0.000	0.000	0.000
CPA4	0.000	0.000	0.000	0.000
CST2	0.000	0.000	0.000	0.000
EPHA5	0.000	0.000	0.000	0.000
FGD5	0.000	0.000	0.000	0.000
FGF16	0.000	0.000	0.000	0.000
GPM6B	0.000	0.000	0.000	0.000
HAPLN1	0.000	0.000	0.000	0.000
HES7	0.000	0.000	0.000	0.000
KANK4	0.000	0.000	0.000	0.000
LARP4P	0.000	0.000	0.000	0.000
LDLRAD4	0.000	0.000	0.000	0.000
LRRTM1	0.000	0.000	0.000	0.000
MMP13	0.000	0.000	0.000	0.000
MYB	0.000	0.000	0.000	0.000
MYOCD	0.000	0.000	0.000	0.000
PDE10A	0.000	0.000	0.000	0.000
PLPPR4	0.000	0.000	0.000	0.000
RBP4	0.000	0.000	0.000	0.000
RIMS1	0.000	0.000	0.000	0.000
SEMA3F	0.000	0.000	0.000	0.000
SERPINB4	0.000	0.000	0.000	0.000
SHISAL1	0.000	0.000	0.000	0.000
SPINT2	0.000	0.000	0.000	0.000
SSTR1	0.000	0.000	0.000	0.000
ST6GALNAC5	0.000	0.000	0.000	0.000
STEAP4	0.000	0.000	0.000	0.000
TMEM200C	0.000	0.000	0.000	0.000
